0.0 99.8255461266856 100.90154629995344
20.0 99.82818290283758 100.89561149977287
40.0 99.83605869922584 100.89572610324754
60.0 99.8412620301622 100.90352836937977
80.0 99.83863053557671 100.91289250097472
100.0 99.83061391280496 100.91626737964494
120.0 99.82477557833288 100.91216619228896
140.0 99.8261222803303 100.90617421007939
160.0 99.8321382022557 100.90517136997329
180.0 99.83575106097679 100.9104811832554
200.0 99.83248537035462 100.91673079773096
220.0 99.824743344933 100.91764254825134
240.0 99.81925932154084 100.91232378579471
260.0 99.82018289238147 100.90587134290209
280.0 99.82517392402413 100.90415624752195
300.0 99.82826780003967 100.90788408469582
320.0 99.8260229661868 100.91209566308547
340.0 99.82086524297348 100.91158802347093
360.0 99.81843380120097 100.90625389068539
380.0 99.82155672470842 100.90100892947824
400.0 99.8272729656251 100.90070208330073
420.0 99.83006380774049 100.90509533561863
440.0 99.8276048458409 100.90905003459861
460.0 99.82321726435855 100.90803860631264
480.0 99.82247657258786 100.90302799972099
500.0 99.82716314964509 100.89948097970259
520.0 99.8331289074645 100.90174254725801
540.0 99.83456528971993 100.90831185338502
560.0 99.83006497672402 100.91302953734493
580.0 99.82427513015605 100.9114889910751
600.0 99.82337177448308 100.90580850130641
620.0 99.82852700827362 100.90258610554169
640.0 99.83436496448645 100.90623258093765
660.0 99.83442843086249 100.91419348279943
680.0 99.827797767529 100.91918943385717
700.0 99.82024081474826 100.91670783302607
720.0 99.81864288868275 100.90968333586872
740.0 99.82392196582637 100.90555799946407
760.0 99.82996352151687 100.90888049454894
780.0 99.82983255231562 100.91656716676256
800.0 99.82271122747647 100.92090201574213
820.0 99.81482584109575 100.91742873392676
840.0 99.81331757185895 100.90931511634813
860.0 99.81896191092432 100.90412163347233
880.0 99.82550747320988 100.9063808649717
900.0 99.82609673714903 100.91304685017613
920.0 99.81998291266578 100.91668905979996
940.0 99.8131968293542 100.91310679492328
960.0 99.81238928030132 100.90529739421827
980.0 99.8180606208221 100.90030316987584
1000.0 99.8243933744804 100.90220856205318
1020.0 99.82535669288349 100.90809259186061
1040.0 99.82062678872654 100.91129256316883
1060.0 99.81574955672036 100.90834979561136
1080.0 99.81632200949163 100.90226997929683
1100.0 99.82219884790368 100.89928135703528
1120.0 99.82786864176033 100.9024537908558
1140.0 99.82818257701467 100.90854177335142
1160.0 99.82346381835946 100.91149793198643
1180.0 99.8190987344125 100.9087936745828
1200.0 99.81989903674841 100.90384302643257
1220.0 99.82503788843087 100.9023930374964
1240.0 99.82902112334239 100.90654591749127
1260.0 99.82747525620644 100.91240861874942
1280.0 99.82169832660158 100.91411597421978
1300.0 99.81746037740834 100.91004521350814
1320.0 99.81903500213788 100.90455056845238
1340.0 99.8245534719821 100.90355052009042
1360.0 99.82785701253148 100.90836924018602
1380.0 99.82489338013413 100.91406947559227
1400.0 99.81800454350324 100.91448214178654
1420.0 99.8138130673819 100.90874004539083
1440.0 99.81646798172963 100.90226549049476
1460.0 99.82311882391343 100.90137518483202
1480.0 99.82675082450427 100.90682202030904
1500.0 99.82334631595525 100.91272862948014
1520.0 99.8160119643165 100.91254765225331
1540.0 99.81207071080425 100.90584650166849
1560.0 99.81564101215227 100.89873688438608
1580.0 99.82328646023232 100.89784985810586
1600.0 99.82755858010933 100.90369155646715
1620.0 99.8244879667824 100.90998202920154
1640.0 99.81748920016457 100.91009513373818
1660.0 99.81399728623803 100.90376363724233
1680.0 99.81788861246795 100.89717685103827
1700.0 99.82555071916167 100.8968033849932
1720.0 99.82973921566882 100.90288955260527
1740.0 99.82682221517102 100.9092072047453
1760.0 99.82027925954608 100.9095535858064
1780.0 99.81715319027394 100.90395276464677
1800.0 99.82080740403656 100.89838056274228
1820.0 99.82761714618589 100.89871797921806
1840.0 99.83091474736358 100.9047926229718
1860.0 99.82769550428746 100.91063313568155
1880.0 99.82151169396103 100.91076748315298
1900.0 99.81877640789646 100.9056910697409
1920.0 99.82208283070419 100.90111429172889
1940.0 99.82764439053457 100.90209732247085
1960.0 99.82940337023132 100.90782032763879
1980.0 99.82523884574405 100.91245641715615
2000.0 99.81913606730767 100.91134129778847
2020.0 99.81712921930261 100.90573968923222
2040.0 99.82096605154398 100.90145355798172
2060.0 99.82628345930017 100.9028924884577
2080.0 99.8272198390887 100.90841946931553
2100.0 99.82246972374388 100.91194909120807
2120.0 99.81673608943477 100.90938217573887
2140.0 99.81601024605806 100.90291882338084
2160.0 99.82122676057145 100.89885267609839
2180.0 99.82715162931952 100.90120633199831
2200.0 99.82779450267465 100.90742271228787
2220.0 99.8225500037668 100.91081329638702
2240.0 99.81695840486793 100.90755135094028
2260.0 99.81717681578445 100.9006695141468
2280.0 99.8234899908862 100.89703299385096
2300.0 99.82989156391444 100.90045082183345
2320.0 99.8302327543068 100.9076047452535
2340.0 99.82440924416846 100.9112943140382
2360.0 99.81857111539001 100.90788876242337
2380.0 99.81898148712547 100.90098250807763
2400.0 99.82550303773642 100.89776217203992
2420.0 99.83175143970244 100.90182734385718
2440.0 99.8316256380454 100.90940453650747
2460.0 99.8253495421939 100.91316608218776
2480.0 99.81928097833749 100.90976429146887
2500.0 99.81950315664851 100.90304553217834
2520.0 99.82556630449481 100.90008923989323
2540.0 99.83110608724125 100.90411566498011
2560.0 99.83039343304 100.91116687961095
2580.0 99.82399603551588 100.91424823670603
2600.0 99.81819097701116 100.91052399730883
2620.0 99.8185481819134 100.90396906267483
2640.0 99.82421764510067 100.90125269695203
2660.0 99.8290254033764 100.90500924895856
2680.0 99.82786690622694 100.91113969263154
2700.0 99.82178837918758 100.91316851212797
2720.0 99.81690325714477 100.90894940029835
2740.0 99.81806688978024 100.90267605909813
2760.0 99.82384087000777 100.90056012244801
2780.0 99.82814476623389 100.90449728077685
2800.0 99.8265611299997 100.91006168610123
2820.0 99.82080197315754 100.91118191008712
2840.0 99.8170021466937 100.90648920195312
2860.0 99.81934187812453 100.90064847017561
2880.0 99.82560284800478 100.89960899179502
2900.0 99.82950852078682 100.90447523848103
2920.0 99.8271964397128 100.91019675476893
2940.0 99.82118029061131 100.91081314936946
2960.0 99.81790951206091 100.90569498131855
2980.0 99.8210908136443 100.90017558841669
3000.0 99.82769158063928 100.90017113053446
3020.0 99.83106564886909 100.90606696295193
3040.0 99.82775609198286 100.91208622388055
3060.0 99.82104827165182 100.91224041312945
3080.0 99.81779740798335 100.90654854876183
3100.0 99.82137896406245 100.90098756974932
3120.0 99.8280862978438 100.90150128394002
3140.0 99.83096674099141 100.90789541197216
3160.0 99.82687359896956 100.91384530944423
3180.0 99.8196644366288 100.91342105037988
3200.0 99.81644113868977 100.90714982408079
3220.0 99.8202669193892 100.90138573526025
3240.0 99.82698854376619 100.90196264208268
3260.0 99.82959038845863 100.90825322172573
3280.0 99.8252626691257 100.91372653734474
3300.0 99.8182051368386 100.9127294905486
3320.0 99.81544640398964 100.90618577300489
3340.0 99.81961209094199 100.90051866745056
3360.0 99.82629010024554 100.9012248848737
3380.0 99.82869982603926 100.90728851239088
3400.0 99.8245017282178 100.9122297512766
3420.0 99.8180918759441 100.91088121450534
3440.0 99.81613464255585 100.90456356210687
3460.0 99.82065498683933 100.89959042891117
3480.0 99.827047086407 100.90089814831951
3500.0 99.82895059416444 100.9069790568007
3520.0 99.82465908610962 100.91145589511865
3540.0 99.81880646436112 100.9097738907965
3560.0 99.81762648134757 100.90377650049503
3580.0 99.82243737475861 100.89970955117654
3600.0 99.82833445498237 100.90187595449456
3620.0 99.82934774231562 100.9081359313866
3640.0 99.82450162947039 100.91208581473722
3660.0 99.81883970269291 100.90978058492723
3680.0 99.81829654472209 100.90374515640171
3700.0 99.82345829508866 100.90034984018557
3720.0 99.8289454692512 100.90333232902964
3740.0 99.82901330413692 100.90981175429921
3760.0 99.8234054643419 100.91317749448443
3780.0 99.81771945595528 100.91001027853395
3800.0 99.81775461926104 100.90357645848252
3820.0 99.8234050360679 100.90050283482059
3840.0 99.82873484688339 100.90406847986247
3860.0 99.82811064315062 100.91067651190002
3880.0 99.82191860569202 100.91347133167903
3900.0 99.81629849770282 100.90948030004124
3920.0 99.81695179867863 100.9026141129233
3940.0 99.82316171299333 100.89971687560238
3960.0 99.8285391210239 100.90367870114132
3980.0 99.82758601979724 100.91033948809812
4000.0 99.82121392307164 100.91272697429423
4020.0 99.81591191622138 100.90827624861863
4040.0 99.81716905049979 100.90134242133563
4060.0 99.82375717530573 100.89879856476828
4080.0 99.82907583509073 100.90312828278502
4100.0 99.82790864289 100.90979089528793
4120.0 99.821605666972 100.9119172426746
4140.0 99.8167572098953 100.90738796136404
4160.0 99.81845941478622 100.90083121078894
4180.0 99.825038694293 100.89891888557388
4200.0 99.82991306608301 100.90362800701763
4220.0 99.82832591362501 100.91015116879775
4240.0 99.82206227429039 100.91192235039688
4260.0 99.81765564925271 100.90737088008053
4280.0 99.81966103308955 100.90134291781841
4300.0 99.82594043975035 100.90015279181489
4320.0 99.83001553286618 100.90515056013567
4340.0 99.82771180205924 100.91126564240604
4360.0 99.82134039470984 100.91232495002214
4380.0 99.8173922772977 100.90741848720558
4400.0 99.81982679751145 100.90168923660188
4420.0 99.82594300475859 100.90109935082185
4440.0 99.8292842795991 100.90631359761683
4460.0 99.82626757528622 100.91190975757567
4480.0 99.81982359399368 100.9120533811489
4500.0 99.8164995477281 100.90654104701987
4520.0 99.81967433589755 100.90093086521595
4540.0 99.82598881802129 100.90092558240565
4560.0 99.82888259914067 100.90649568279424
4580.0 99.82530686275932 100.91176681676625
4600.0 99.81884917752807 100.91114479120155
4620.0 99.81619601438939 100.90510708562135
4640.0 99.82019910731998 100.89966888043551
4660.0 99.82684168630563 100.90033827258564
4680.0 99.8294263689379 100.90643159092271
4700.0 99.8253820564278 100.9116261291711
4720.0 99.81889422695458 100.91053345382274
4740.0 99.81676017572887 100.90423054550624
4760.0 99.82134543183776 100.89910515829806
4780.0 99.82809412529902 100.90045250884025
4800.0 99.83027404266625 100.90701195361835
4820.0 99.8257680945743 100.91214559108369
4840.0 99.81921962727745 100.91073434843686
4860.0 99.81739971725811 100.90436186007865
4880.0 99.82219901013153 100.89961313385314
4900.0 99.82869814937735 100.9014658767737
4920.0 99.83030610857556 100.90815687462064
4940.0 99.82538270537988 100.91293835356323
4960.0 99.8188898462108 100.91109992708712
4980.0 99.81739641137897 100.90468310020117
5000.0 99.82227318242701 100.90029787820922
5020.0 99.82835300366692 100.90246961339096
5040.0 99.82934095795446 100.90896340802594
5060.0 99.82414433065925 100.91307837778807
5080.0 99.81798020525508 100.9106403187084
5100.0 99.81708141261927 100.90416287291019
5120.0 99.82221229559934 100.90020122123222
5140.0 99.82796110482205 100.90273381315707
5160.0 99.82839548569937 100.9090206230519
5180.0 99.8230450836093 100.91243273966177
5200.0 99.81740484291144 100.90938372662927
5220.0 99.81733354979171 100.90291711037838
5240.0 99.82291927832168 100.89955979432733
5260.0 99.82843942881897 100.90271341759663
5280.0 99.82830646560652 100.90905697265765
5300.0 99.8227143396945 100.91195592680056
5320.0 99.81750232146722 100.90839495722952
5340.0 99.81819937455148 100.90200248160758
5360.0 99.8242076861432 100.8993447929442
5380.0 99.82944504793319 100.90326423785834
5400.0 99.8286257295967 100.90981530020488
5420.0 99.82260125956792 100.9123001481059
5440.0 99.81758829294714 100.90824611459082
5460.0 99.8188360586633 100.90186754957894
5480.0 99.82510523751458 100.89978896764563
5500.0 99.82997812870008 100.90432504845556
5520.0 99.82845317174908 100.91095209216408
5540.0 99.82198387617265 100.91295000316907
5560.0 99.81710856911972 100.90836934962307
5580.0 99.81878738409046 100.9019259519906
5600.0 99.82520950836464 100.90023194929893
5620.0 99.82972723830814 100.90509844250148
5640.0 99.82766192769364 100.91155114575463
5660.0 99.82099526401034 100.91297308202235
5680.0 99.81644863591424 100.90793081456722
5700.0 99.81860733692453 100.90150969882464
5720.0 99.82514832082924 100.90017917596242
5740.0 99.82934014483384 100.90523792688568
5760.0 99.82691582493943 100.91138898810888
5780.0 99.82033367081897 100.9122564810252
5800.0 99.81634448413136 100.90693998304947
5820.0 99.81904579509332 100.90079151673251
5840.0 99.82563205088573 100.90000737475124
5860.0 99.82940912906668 100.90532286016388
5880.0 99.8266178420174 100.91117968586956
5900.0 99.82018950141071 100.91153803957452
5920.0 99.816817257569 100.90607549540219
5940.0 99.82003438553684 100.90038263423173
5960.0 99.82654539439523 100.90030739510546
5980.0 99.82973799353817 100.90596267581509
6000.0 99.82641971888653 100.91152350359125
6020.0 99.82003083628717 100.91132082600072
6040.0 99.81720609888663 100.90565961724882
6060.0 99.82089146369519 100.90040050419373
6080.0 99.82726904179026 100.90103450106022
6100.0 99.82978692842993 100.90701703627705
6120.0 99.82583087540715 100.91222296685423
6140.0 99.81938808495721 100.91134668436162
6160.0 99.81707122200929 100.90534521583793
6180.0 99.82124704115465 100.90038472020909
6200.0 99.82755342534452 100.90162236205694
6220.0 99.82946915983301 100.90786068806503
6240.0 99.82493876074906 100.91266882101753
6260.0 99.81849077470605 100.91109276063405
6280.0 99.81671901683568 100.90471926072786
6300.0 99.82142585311642 100.90000002529091
6320.0 99.82773685909963 100.90176435481229
6340.0 99.82918341302671 100.90820401130868
6360.0 99.8242437707119 100.91263998270405
6380.0 99.8179194752639 100.9104830277427
6400.0 99.81672210056536 100.90388577585772
6420.0 99.8219002397621 100.89949561334662
6440.0 99.828161453516 100.90177765562677
6460.0 99.82917712320865 100.90837238232264
6480.0 99.82395053059078 100.91246437040417
6500.0 99.81785132100694 100.90987854186217
6520.0 99.8171983256828 100.90326621746811
6540.0 99.82268493700704 100.89934787411683
6560.0 99.82871416286424 100.90215139085504
6580.0 99.8292123689083 100.90881192485864
6600.0 99.82372488840954 100.91249854071266
6620.0 99.81790012996763 100.90952365510813
6640.0 99.81775694080636 100.90300367824426
6660.0 99.82341519071228 100.89963132231057
6680.0 99.82904788787198 100.90291998698218
6700.0 99.82892534475548 100.90951718661073
6720.0 99.82316922966176 100.91266070923432
6740.0 99.81766670866331 100.90921699250215
6760.0 99.81806965781506 100.90277281749214
6780.0 99.82389260803704 100.89994646696118
6800.0 99.82909272821405 100.90368671048483
6820.0 99.828323274707 100.91014465205609
6840.0 99.82231596317189 100.91265302880294
6860.0 99.8171992788237 100.90866564560271
6880.0 99.81823453951588 100.9022612084511
6900.0 99.82430248482628 100.89998196097858
6920.0 99.82912731835506 100.90419409438168
6940.0 99.82774794175317 100.91053479442394
6960.0 99.8215204941308 100.91242356709527
6980.0 99.81682425683546 100.90790344335598
7000.0 99.81852972029532 100.90155142617368
7020.0 99.82488245012193 100.89983843487765
7040.0 99.82937618536324 100.90455201486299
7060.0 99.82743250873393 100.91082441329215
7080.0 99.82101470784453 100.91216929739872
7100.0 99.8167282126037 100.90720414913287
7120.0 99.8190459999591 100.90096783839428
7140.0 99.82561365668496 100.89983184649942
7160.0 99.82974854930725 100.90501656615474
7180.0 99.82727066914435 100.91120561558802
7200.0 99.82070428846411 100.9120591584092
7220.0 99.81680646097607 100.90675359254372
7240.0 99.81962229312877 100.90071208031675
7260.0 99.82625692299769 100.90013576928914
7280.0 99.82994867886684 100.90568283234707
7300.0 99.8269567917127 100.91167837362588
7320.0 99.8203138645806 100.9120188081978
7340.0 99.81682711449481 100.90643688329476
7360.0 99.82006243262678 100.90065185757022
7380.0 99.8266381513758 100.90060323587163
7400.0 99.82981444965773 100.90637994917176
7420.0 99.82634433044015 100.91203698347336
7440.0 99.81973313922198 100.9117993535276
7460.0 99.81674590231063 100.90596789305793
7480.0 99.82041104736649 100.90049282822363
7500.0 99.82688554270783 100.90097426261055
7520.0 99.8295218969736 100.90691450665675
7540.0 99.82561704084401 100.91215156470574
7560.0 99.819137926734 100.9113005026178
7580.0 99.81674907063667 100.90524902199638
7600.0 99.82089574567698 100.9001504353015
7620.0 99.82727428942944 100.90121933250467
7640.0 99.82936174609053 100.90734909043161
7660.0 99.8250307920247 100.91217388773659
7680.0 99.81871393421747 100.9107238890618
7700.0 99.81695297659525 100.90448881564686
7720.0 99.82158977409048 100.89982064118261
7740.0 99.82785861723465 100.90152994047533
7760.0 99.82937293173376 100.9078886967791
7780.0 99.82459122213527 100.91233098368026
7800.0 99.81840847569984 100.91031046934846
7820.0 99.81723319856363 100.90391703546518
7840.0 99.8223057321484 100.89968827095211
7860.0 99.82841941231862 100.90202090328427
7880.0 99.82934293680921 100.90857792993755
7900.0 99.8241136777952 100.91262468334322
7920.0 99.81805673675223 100.9100521389162
7940.0 99.81741745270911 100.90352219085719
7960.0 99.82284655836088 100.89971119782844
7980.0 99.82875107660598 100.90258320433851
8000.0 99.82909931728804 100.90923235917153
8020.0 99.82349523147359 100.91282732764091
8040.0 99.81762954188775 100.90972464192258
8060.0 99.8175227295538 100.90310961170363
8080.0 99.82324463836746 100.89971867081657
8100.0 99.82889282855675 100.90304895021268
8120.0 99.82870266205526 100.9096775350553
8140.0 99.82283845037682 100.91276897348337
8160.0 99.81727780482898 100.909183197216
8180.0 99.81773599722229 100.90257928881296
8200.0 99.8237022139815 100.89966711958309
8220.0 99.82904046645533 100.90343183719712
8240.0 99.82832574203796 100.90997444038842
8260.0 99.82228726123668 100.9125376198647
8280.0 99.81712251558926 100.90852394572134
8300.0 99.81816936468596 100.90203439315202
8320.0 99.82433018519788 100.89968330602059
8340.0 99.82928968505675 100.90389975145767
8360.0 99.82801948041659 100.91032886664131
8380.0 99.82182568001589 100.91234621823038
8400.0 99.81708624857498 100.90792981245639
8420.0 99.81871556851618 100.90161117729885
8440.0 99.82502212954437 100.89986812519035
8460.0 99.82953984946032 100.90454237918543
8480.0 99.82767003967723 100.91083080790705
8500.0 99.82130577612423 100.91227253899572
8520.0 99.81698674387015 100.90744108584603
8540.0 99.81918141074225 100.90129301519472
8560.0 99.82560425956314 100.90014716847024
8580.0 99.82965705599631 100.90524517563607
8600.0 99.82718645088464 100.91135034764315
8620.0 99.82066791775074 100.91219018305357
8640.0 99.81677995016695 100.90693797744953
8660.0 99.81952987923441 100.9009535712941
8680.0 99.82605417073545 100.90037171914916
8700.0 99.82965531559603 100.90583614221293
8720.0 99.82663819991363 100.91171451395569
8740.0 99.82003488459567 100.91195912927716
8760.0 99.81661504555407 100.90633380974
8780.0 99.81990324814204 100.90055243297428
8800.0 99.82649386924587 100.90052250657995
8820.0 99.82964958827863 100.90629831257971
8840.0 99.8261547058607 100.91191390296251
8860.0 99.81955586124893 100.91159968808044
8880.0 99.81664117809443 100.90569568583625
8900.0 99.82042196590295 100.90020132242704
8920.0 99.82699939491798 100.90073627740031
8940.0 99.82967407225914 100.90677162915112
8960.0 99.82574059647793 100.91208024345897
8980.0 99.81921587120554 100.91123371854245
9000.0 99.81682655137514 100.90513908531162
9020.0 99.82103702828363 100.90001333930203
9040.0 99.8275017238014 100.90112353662764
9060.0 99.82963364656746 100.90735812838817
9080.0 99.82527154518183 100.91229415907519
9100.0 99.81886876096506 100.91090402500784
9120.0 99.81702326013225 100.90466161332543
9140.0 99.82162190437268 100.89994987417955
9160.0 99.82790374759269 100.90162946593195
9180.0 99.82944857480489 100.9080031856312
9200.0 99.82466748365545 100.91249956770446
9220.0 99.81842967772363 100.91053612547573
9240.0 99.81715795030732 100.90415677577076
9260.0 99.82213894313912 100.89987695762363
9280.0 99.82821484653671 100.90211501333528
9300.0 99.82916643848222 100.90858742001544
9320.0 99.8239939975102 100.91260665654973
9340.0 99.81796578262141 100.91006229170475
9360.0 99.81729658372764 100.90356447235519
9380.0 99.82266149244306 100.89973380830142
9400.0 99.82852683431585 100.90252378649892
9420.0 99.8289019249599 100.90907386062577
9440.0 99.82338023255754 100.91261326462076
9460.0 99.81760145252184 100.90952077327437
9480.0 99.81753889796187 100.90295377395438
9500.0 99.82325712873966 100.89960079101301
9520.0 99.82888540139943 100.90293119455097
9540.0 99.82869651140733 100.90953189812132
9560.0 99.8228708593255 100.91259681851177
9580.0 99.81737285254277 100.90901103868707
9600.0 99.81789062340972 100.9024441854445
9620.0 99.82388922928288 100.89959765040311
9640.0 99.82922015348156 100.9034335253496
9660.0 99.82846654275883 100.9100251407102
9680.0 99.82238474505805 100.91259730311242
9700.0 99.81720205512572 100.90856358128187
9720.0 99.81826781556947 100.90206195727393
9740.0 99.82446195567191 100.89973897848179
9760.0 99.82942640658985 100.90402203088392
9780.0 99.828107890123 100.91051661727808
9800.0 99.82182909943512 100.91255229125538
9820.0 99.81701555312685 100.90809656658804
9840.0 99.81862121313111 100.90171364269425
9860.0 99.82495142396714 100.89992833538172
9880.0 99.8295001490461 100.90460545531963
9900.0 99.82762785119877 100.91092378628764
9920.0 99.82121835146427 100.91238266581854
9940.0 99.816839519174 100.90752667644018
9960.0 99.81899997746706 100.90131338450931
9980.0 99.82543624054291 100.90009129568287
10000.0 99.82954161102124 100.90513877381608
10020.0 99.82713002313623 100.91123819082208
10040.0 99.82064298473054 100.91210634654668
10060.0 99.81674764920949 100.906881086763
10080.0 99.81947058497639 100.90088843023749
10100.0 99.82598660185343 100.90026003954951
10120.0 99.82962536775942 100.90567175906308
10140.0 99.82668197469502 100.91153479418733
10160.0 99.82014753249155 100.91181892771142
10180.0 99.81675197317 100.9062621834832
10200.0 99.8200154900356 100.90053261556557
10220.0 99.82656760998906 100.90051090926106
10240.0 99.82971209609819 100.9062645357171
10260.0 99.82624467162407 100.91186638336521
10280.0 99.81968704914853 100.91157432312603
10300.0 99.8167904520663 100.90572379979075
10320.0 99.82055033423137 100.9002867646719
10340.0 99.82708085452127 100.9008557948037
10360.0 99.82970737442989 100.90689442537807
10380.0 99.82574300135028 100.91218640320818
10400.0 99.81920794529714 100.91131999542198
10420.0 99.8168206302852 100.9052170881144
10440.0 99.82103295641417 100.90010077321695
10460.0 99.82748491993134 100.90123109142064
10480.0 99.82958178383781 100.90747922283535
10500.0 99.82517191549876 100.91240260694677
10520.0 99.81873281472517 100.91096811343466
10540.0 99.81688526009307 100.90466860106221
10560.0 99.82151634163277 100.89991735783063
10580.0 99.82783743204301 100.90159266640516
10600.0 99.82939641550068 100.90798636409222
10620.0 99.82459658976391 100.91249453704074
10640.0 99.81833039920028 100.91051004414388
10660.0 99.81705529662499 100.90408175417896
10680.0 99.82207281107883 100.8997548475483
10700.0 99.8282084765227 100.90197820231745
10720.0 99.8292107553474 100.9084747692441
10740.0 99.82405677788448 100.91253600763778
10760.0 99.81801695958329 100.9100215490036
10780.0 99.8173292462231 100.90352444507806
10800.0 99.8226939830957 100.89967302473931
10820.0 99.82858770239984 100.9024467483021
10840.0 99.82900674341745 100.90900904432061
10860.0 99.82351612576137 100.91259365436746
10880.0 99.81773291593277 100.90955907271328
10900.0 99.81763157616369 100.90303104050865
10920.0 99.8233032379802 100.89968038036946
10940.0 99.82890900616084 100.90298708145649
10960.0 99.82873070835727 100.90956897986806
10980.0 99.82292721659823 100.91264522669145
11000.0 99.81743009156146 100.9090971504733
11020.0 99.81791260245978 100.902565429197
11040.0 99.82385659710872 100.89972320846282
11060.0 99.82914513051782 100.9035287719293
11080.0 99.82837978746642 100.91007806728177
11100.0 99.82231021149784 100.91262246169921
11120.0 99.8171415016046 100.908583873499
11140.0 99.81820662302438 100.90208891980957
11160.0 99.82438598531574 100.89976616613346
11180.0 99.82933223340432 100.90403369544542
11200.0 99.82800377334631 100.91050028818621
11220.0 99.82173031162756 100.91250370555541
11240.0 99.81693786513509 100.90802066326862
11260.0 99.8185755360714 100.90162431074147
11280.0 99.82493733993137 100.89984343540891
11300.0 99.82950349077886 100.90453792465382
11320.0 99.82763035931339 100.91087192156199
11340.0 99.82121280419851 100.91232946356592
11360.0 99.81683789202941 100.9074553569784
11380.0 99.8190256670783 100.9012255863725
11400.0 99.82550290853335 100.90001016231763
11420.0 99.82963858227104 100.90509289058708
11440.0 99.82722855821018 100.9112380995281
11460.0 99.82071735132939 100.91213599772732
11480.0 99.81679418105283 100.90691249993885
11500.0 99.81950802532812 100.9009047993248
11520.0 99.82603767507572 100.90026838592047
11540.0 99.82969672150412 100.905695366173
11560.0 99.8267574592284 100.91159274293378
11580.0 99.82019942392579 100.91191049812227
11600.0 99.81676150210838 100.90636608521025
11620.0 99.81998619141562 100.90062080728386
11640.0 99.82652247096131 100.90056774421336
11660.0 99.82967620594087 100.90629670129506
11680.0 99.82622554208228 100.91189646517476
11700.0 99.81966925216136 100.9116214309919
11720.0 99.81674918234174 100.90578527958934
11740.0 99.82047357633412 100.90033813833111
11760.0 99.82698209989576 100.90087013412318
11780.0 99.82961620359129 100.90686494115356
11800.0 99.8256819046784 100.91213243229015
11820.0 99.81917605613843 100.91126961638884
11840.0 99.81679770688969 100.90518330409095
11860.0 99.82099998786376 100.90007351271676
11880.0 99.8274412721439 100.90118989772627
11900.0 99.82954379459575 100.9074137871422
11920.0 99.82515795236122 100.91232127858454
11940.0 99.8187489161701 100.91088871129003
11960.0 99.81692326412914 100.90460506319323
11980.0 99.8215634212279 100.89987353857576
12000.0 99.82788432124374 100.90156486020864
12020.0 99.82943948540013 100.9079691973178
12040.0 99.82463691370934 100.912482859691
12060.0 99.81837192743934 100.91049977741056
12080.0 99.81710367374893 100.90407408755203
12100.0 99.82213154192117 100.89975822820847
12120.0 99.82827208770422 100.90200382097946
12140.0 99.82926436689725 100.90852677615196
12160.0 99.82408547083587 100.91260384500666
12180.0 99.81801777225206 100.91008532379934
12200.0 99.81731546349857 100.90357038432008
12220.0 99.8226845357416 100.8997041407121
12240.0 99.82858997419477 100.90247952954573
12260.0 99.8290097911493 100.90905786930955
12280.0 99.82350007050056 100.91265638221412
12300.0 99.81768669348007 100.90961747827434
12320.0 99.81756375143951 100.90306454348132
12340.0 99.82323587316758 100.89968151345629
12360.0 99.8288610086737 100.90296686546586
12380.0 99.82870452811504 100.90954767194673
12400.0 99.82290864570987 100.91263641866485
12420.0 99.8174012845846 100.9090973836282
12440.0 99.81786746232582 100.90255705427145
12460.0 99.82380676772483 100.89968938026608
12480.0 99.8291121015112 100.90346859866517
12500.0 99.82837816498879 100.91000922912094
12520.0 99.82233580769183 100.91256841579938
12540.0 99.81717456104492 100.90855526858302
12560.0 99.81822801841601 100.9020759227651
12580.0 99.8243933169122 100.89974879960488
12600.0 99.82934081394667 100.90400059995919
12620.0 99.82803149629906 100.91045938822427
12640.0 99.82178091124607 100.91247477907957
12660.0 99.81699727937928 100.90801763116141
12680.0 99.81862447448972 100.90164470740517
12700.0 99.82496720985121 100.89987276061836
12720.0 99.829520046137 100.90456326881197
12740.0 99.82764480043949 100.91089151530413
12760.0 99.82123078177847 100.91234983208338
12780.0 99.81685617714788 100.9074828521172
12800.0 99.81903798386318 100.9012615814954
12820.0 99.82550546563537 100.90005167143843
12840.0 99.82962980007218 100.90513601127644
12860.0 99.82720766707004 100.9112787799467
12880.0 99.82068522524767 100.9121684844482
12900.0 99.81675589113965 100.90693171047378
12920.0 99.81947268753824 100.90091117587585
12940.0 99.82601153556746 100.90026924939906
12960.0 99.82967640715997 100.90570004398153
12980.0 99.82673233722451 100.91160331310886
13000.0 99.82016161885844 100.91191770100616
13020.0 99.81671524414341 100.9063567893566
13040.0 99.81994674298103 100.90059007238277
13060.0 99.82650375190995 100.90052471815046
13080.0 99.82967911474078 100.90625854225914
13100.0 99.82623742717111 100.91187436659735
13120.0 99.81967463108217 100.9116117518496
13140.0 99.8167430231548 100.90577356994152
13160.0 99.8204654251601 100.90031207442257
13180.0 99.82698780135857 100.90083088320223
13200.0 99.82964456104006 100.90682719576212
13220.0 99.82572665750136 100.9121130243
13240.0 99.81921994108333 100.91127427383623
13260.0 99.81682568860727 100.90520208923736
13280.0 99.82101089740497 100.90008912005823
13300.0 99.827448211744 100.90119220768598
13320.0 99.82956215960964 100.90740834374964
13340.0 99.82519115869742 100.91232435443715
13360.0 99.81878463844512 100.91091257705864
13380.0 99.81694364752494 100.90464661588685
13400.0 99.82156054307758 100.89991673821234
13420.0 99.82786643022658 100.90159434273946
13440.0 99.82942232825805 100.90798287095517
13460.0 99.82462946451403 100.912491758074
13480.0 99.81836960363512 100.9105158733712
13500.0 99.81709460618774 100.90409916799857
13520.0 99.82210892081105 100.89978349723447
13540.0 99.82823941727756 100.90201892142265
13560.0 99.82923044133554 100.90852886340319
13580.0 99.82405646962344 100.91259741047273
13600.0 99.81799392477174 100.91007545773425
13620.0 99.81729463407908 100.90355872740746
13640.0 99.82266664854315 100.89969008738115
13660.0 99.82857599362082 100.90246370136286
13680.0 99.82899873616815 100.90904257994355
13700.0 99.82348919485068 100.91264153710576
13720.0 99.81767515463488 100.90959896259213
13740.0 99.81755617962851 100.90303884375115
13760.0 99.82323968150635 100.89965126176538
13780.0 99.82887853226458 100.90294126911851
13800.0 99.82872910188654 100.90953547879799
13820.0 99.82292906814169 100.91263719526908
13840.0 99.81741131827319 100.90910125572591
13860.0 99.81787202986064 100.90255367783165
13880.0 99.82381761642961 100.89967767494821
13900.0 99.82913660392708 100.9034586353671
13920.0 99.82841184228647 100.91001366105256
13940.0 99.82236497774879 100.91259101235616
13960.0 99.8171873530493 100.90858721364266
13980.0 99.81822434231965 100.90210272157914
14000.0 99.82438468409192 100.8997620211983
14020.0 99.82934026796289 100.90400467489589
14040.0 99.8280421822176 100.9104673791066
14060.0 99.82179306334963 100.91249664820116
14080.0 99.81699658134075 100.90805091530524
14100.0 99.81860468784305 100.90167579661977
14120.0 99.82493601989202 100.89988807584882
14140.0 99.82949264021697 100.90456072588958
14160.0 99.82763083814412 100.91088203075334
14180.0 99.8212266182473 100.9123470547621
14200.0 99.81684913077542 100.90749061910742
14220.0 99.81901877938154 100.90127101027373
14240.0 99.82547702690555 100.90005000356027
14260.0 99.82960401078637 100.90511871668096
14280.0 99.82719437266488 100.91125334261312
14300.0 99.82068421489238 100.91214637367663
14320.0 99.8167587885666 100.90691795906875
14340.0 99.81947234164112 100.9009018131559
14360.0 99.82600835517303 100.90025736068
14380.0 99.82967579042494 100.90568367124939
14400.0 99.82673809746653 100.91158658221424
14420.0 99.82017243470473 100.91190495358013
14440.0 99.81672738101051 100.90634834579451
14460.0 99.81995926610679 100.90058380461727
14480.0 99.82651867663262 100.90052034605499
14500.0 99.82969687028361 100.90625935419187
14520.0 99.82625427372164 100.91188309440491
14540.0 99.81968524928813 100.91162569655134
14560.0 99.81674638498987 100.90578617463594
14580.0 99.82046717936747 100.90031930907325
14600.0 99.82699471620913 100.90083590031593
14620.0 99.8296568705617 100.90683812767395
14640.0 99.82573657479159 100.91213458411357
14660.0 99.81921810397264 100.91130183842795
14680.0 99.8168103159864 100.90522484224674
14700.0 99.82099044038739 100.90009913801221
14720.0 99.82743408032032 100.9011915454622
14740.0 99.82955860226593 100.90740742123948
14760.0 99.82519148995142 100.91233234516359
14780.0 99.81877725975772 100.91092875572127
14800.0 99.81692290354256 100.90466055226138
14820.0 99.82153244299 100.8999171739357
14840.0 99.82784390844014 100.90157928745596
14860.0 99.8294143208082 100.9079618184351
14880.0 99.82463337108743 100.91247758188703
14900.0 99.81837385803887 100.91051356021515
14920.0 99.81708928393681 100.90410169292107
14940.0 99.82209490860312 100.89977864566009
14960.0 99.8282275603953 100.90200087727757
14980.0 99.82923147791712 100.90850395843461
15000.0 99.82407127405833 100.9125783932839
15020.0 99.81801288785098 100.91006983433584
15040.0 99.81730675481359 100.90356271760075
15060.0 99.82266957429358 100.89969331929944
15080.0 99.82857691690363 100.90245958311634
15100.0 99.82900618266082 100.90903433328754
15120.0 99.82350455131464 100.91263787614197
15140.0 99.81769177548648 100.90960488367925
15160.0 99.81756665921124 100.90305156377707
15180.0 99.82324302292484 100.89966409376265
15200.0 99.82887931517058 100.90295076212595
15220.0 99.82873118762636 100.9095441519828
15240.0 99.82293129873395 100.9126488467427
15260.0 99.817409411705 100.90911553697818
15280.0 99.81786456827137 100.90256645679952
15300.0 99.82380832221037 100.89968584050922
15320.0 99.82912975646747 100.90346406639664
15340.0 99.82840698357077 100.91002125586442
15360.0 99.82235692663568 100.91260219895382
15380.0 99.81717190696658 100.90859716161901
15400.0 99.81820416158186 100.90210469153985
15420.0 99.82436795576744 100.8997542785006
15440.0 99.82933293045723 100.9039932907057
15460.0 99.82804206186603 100.91046104578656
15480.0 99.82179161264337 100.91249802769777
15500.0 99.81698707977957 100.9080537874377
15520.0 99.81858940066064 100.90167082259538
15540.0 99.82492469641274 100.89987183199332
15560.0 99.82949366378368 100.90453981506681
15580.0 99.82764345021045 100.91086771630954
15600.0 99.82124118602255 100.91234515307796
15620.0 99.81685560425873 100.90749636574003
15640.0 99.81901584444951 100.90127355257606
15660.0 99.82547319711468 100.90004249945896
15680.0 99.82960957098855 100.90510497059184
15700.0 99.82721164433678 100.91124454855681
15720.0 99.82070500327393 100.91215077436784
15740.0 99.81677154417477 100.90693328914064
15760.0 99.81947262681604 100.90091751734762
15780.0 99.82600251451319 100.90026431623455
15800.0 99.82967431081923 100.90568246467379
15820.0 99.82674546459556 100.91158636443839
15840.0 99.82018305628 100.9119139605865
15860.0 99.81673128878502 100.90636591898577
15880.0 99.81995202606781 100.90060141275308
15900.0 99.8265051860459 100.90052990556977
15920.0 99.82968566292323 100.90626074648425
15940.0 99.82624911787605 100.91188316623942
15960.0 99.81968222687394 100.91163019391675
15980.0 99.81673903921563 100.90579401554939
16000.0 99.82045406826124 100.9003245041807
16020.0 99.82698060384392 100.90083431451583
16040.0 99.82964703150044 100.90683200871976
16060.0 99.8257312989912 100.91212949409925
16080.0 99.81921290798192 100.91129986604945
16100.0 99.81680175033624 100.90522252838042
16120.0 99.8209809028166 100.90009180909466
16140.0 99.8274293911546 100.90117922737495
16160.0 99.82956142122131 100.90739592614692
16180.0 99.8251980247096 100.91232732261918
16200.0 99.81878064275364 100.91092938609158
16220.0 99.81692048245672 100.90466027626034
16240.0 99.82152917255229 100.89991044729629
16260.0 99.82784744322667 100.90156782583496
16280.0 99.82942704786325 100.90795386167167
16300.0 99.82464934604467 100.9124799672175
16320.0 99.81838371314855 100.91052477706403
16340.0 99.81708906992856 100.90411305737075
16360.0 99.82209005127503 100.89978226698112
16380.0 99.82822759252534 100.90199720568283
16400.0 99.82924080378163 100.90850161565189
16420.0 99.82408463596143 100.91258588110789
16440.0 99.81801984496133 100.91008720013713
16460.0 99.81730142405215 100.90358117865695
16480.0 99.82265627673165 100.89970305066647
16500.0 99.82856607103635 100.90245866248345
16520.0 99.82900455469924 100.90903041921993
16540.0 99.8235090802542 100.91264062771339
16560.0 99.81769266739379 100.909616548741
16580.0 99.81755703103954 100.90306491006292
16600.0 99.82322568614174 100.89966931244496
16620.0 99.82886388941793 100.90294480834118
16640.0 99.82872488935683 100.90953352533701
16660.0 99.8229325050945 100.91264280212107
16680.0 99.81740988313383 100.90911700067232
16700.0 99.81785818542521 100.90256989769111
16720.0 99.82379722678624 100.89968342960749
16740.0 99.82912153440998 100.90345386919456
16760.0 99.82840673040299 100.91000909909832
16780.0 99.82236241161607 100.91259513713761
16800.0 99.81717634432277 100.90859630116358
16820.0 99.81820379872961 100.90210495590676
16840.0 99.82436586599306 100.89975044817386
16860.0 99.82933487992125 100.9039860376745
16880.0 99.82804983104238 100.9104562732872
16900.0 99.82180079361109 100.91249998295255
16920.0 99.81699163187479 100.908060305619
16940.0 99.81858846875426 100.90167576704671
16960.0 99.82492361103725 100.8998717032707
16980.0 99.82949785279547 100.90453791987422
17000.0 99.8276522727523 100.9108708864648
17020.0 99.82124793524231 100.91235607563186
17040.0 99.81685406394733 100.90751026104374
17060.0 99.81900708567062 100.90128254341353
17080.0 99.8254648677109 100.90004324935278
17100.0 99.82960826415552 100.90510232905531
17120.0 99.82721629053178 100.91124687907194
17140.0 99.82070759098096 100.91216132874192
17160.0 99.81676488041015 100.9069466611903
17180.0 99.81945781030586 100.90092449991597
17200.0 99.82598824612843 100.90026057762147
17220.0 99.82966872458617 100.90567299309784
17240.0 99.82674854757072 100.91158084927284
17260.0 99.82018667388665 100.91191740105013
17280.0 99.8167270570529 100.90637389215686
17300.0 99.81993965508624 100.90060437382479
17320.0 99.82649285062308 100.90052240077324
17340.0 99.829682143374 100.90624693557481
17360.0 99.82625553585288 100.91187292974955
17380.0 99.81969106347026 100.91162956716643
17400.0 99.81674148410252 100.90579972362792
17420.0 99.820448664034 100.900327605231
17440.0 99.826974283515 100.90082914483789
17460.0 99.82964782068616 100.90682186314976
17480.0 99.82574037656717 100.91212310489452
17500.0 99.81922353949739 100.91130242914605
17520.0 99.81680616517347 100.90523091688323
17540.0 99.82097814152374 100.90009821923039
17560.0 99.82742560633694 100.90117920726598
17580.0 99.8295628977359 100.90739282205831
17600.0 99.82520465253786 100.91232820794967
17620.0 99.81878613509808 100.91093715808701
17640.0 99.81691923094915 100.90467080281266
17660.0 99.82152238488298 100.89991705815319
17680.0 99.8278414846652 100.90156833704215
17700.0 99.82942636557698 100.90795291632216
17720.0 99.82465175506333 100.9124836353858
17740.0 99.8183826588177 100.91053358777883
17760.0 99.81708092424513 100.9041213158309
17780.0 99.8220785180847 100.89978387626036
17800.0 99.82821995128928 100.90199218923597
17820.0 99.82924038087396 100.90849654129624
17840.0 99.82408731869734 100.91258698614361
17860.0 99.81801807488024 100.91009371096041
17880.0 99.8172922003354 100.90358598676646
17900.0 99.8226447328225 100.89969975566581
17920.0 99.82856049567974 100.90244830998232
17940.0 99.82900821486082 100.90902103314527
17960.0 99.8235168559469 100.9126393435794
17980.0 99.81769578404852 100.90962254052192
18000.0 99.81755176885487 100.9030702536143
18020.0 99.82321722085578 100.89966668646542
18040.0 99.82886116236435 100.90293487339576
18060.0 99.82873185299239 100.90952462952339
18080.0 99.82294413200228 100.91264283084276
18100.0 99.81741676438759 100.90912571058644
18120.0 99.81785565610379 100.90257928613657
18140.0 99.82378984646044 100.89968545909304
18160.0 99.82911831153369 100.903448307548
18180.0 99.8284121985073 100.91000372630072
18200.0 99.82237220300765 100.91259779191535
18220.0 99.81718144020218 100.90860709935161
18240.0 99.81819954982878 100.90211639009468
18260.0 99.82435648231841 100.89975478102222
18280.0 99.82932878554733 100.90398289053472
18300.0 99.82805118942947 100.91045273798501
18320.0 99.82180558050075 100.91250293742392
18340.0 99.81699195745128 100.90806939759938
18360.0 99.81858097168646 100.9016841095056
18380.0 99.82491284907553 100.89987297501324
18400.0 99.82949121500509 100.90453289138978
18420.0 99.82765240734521 100.91086643439321
18440.0 99.82125026213336 100.91235756078406
18460.0 99.81685179990093 100.90751598037876
18480.0 99.81899879775604 100.90128582298095
18500.0 99.82545604639049 100.90003955606942
18520.0 99.82960532967299 100.90509434890409
18540.0 99.82721988970874 100.91124182272651
18560.0 99.82071182935908 100.91216311285177
18580.0 99.8167634444157 100.90695184894942
18600.0 99.81945091858486 100.90092596570878
18620.0 99.82598254198251 100.90025496014538
18640.0 99.82967027761903 100.90566464067905
18660.0 99.82675652303668 100.91157759879698
18680.0 99.820193800263 100.91192238258981
18700.0 99.81672679531349 100.90638229937498
18720.0 99.81993305596606 100.90060819903735
18740.0 99.82648754250894 100.90051841909055
18760.0 99.82968457863298 100.90624026901504
18780.0 99.82626446668203 100.91187203635849
18800.0 99.8196984419306 100.91163761497253
18820.0 99.81674027600373 100.90581138205084
18840.0 99.82043998826444 100.90033413115184
18860.0 99.82696628056779 100.90082684051374
18880.0 99.8296475566632 100.90681585386199
18900.0 99.82574695421921 100.91212220803872
18920.0 99.81922889258011 100.91131023578009
18940.0 99.81680303829597 100.90524229532315
18960.0 99.82096744555629 100.90010432919156
18980.0 99.82741540964209 100.90117611487526
19000.0 99.82956036497866 100.90738544643399
19020.0 99.8252091564919 100.91232524352978
19040.0 99.81879001111422 100.91094222517602
19060.0 99.81691562455887 100.90467909223857
19080.0 99.82151230977439 100.89992032938389
19100.0 99.82783254936312 100.90156323115453
19120.0 99.82942493883931 100.90794442477637
19140.0 99.82465673563725 100.91247978520732
19160.0 99.8183867361421 100.91053712534209
19180.0 99.81707827256251 100.90412728972086
19200.0 99.82207091521137 100.89978496957488
19220.0 99.82821458900773 100.9019863718151
19240.0 99.82924222276301 100.9084893146018
19260.0 99.82409403150737 100.91258542800028
19280.0 99.81802238581099 100.91009897822367
19300.0 99.81728961083994 100.90359237260549
19320.0 99.82263834633585 100.8997006875331
19340.0 99.82855750314211 100.90244330452866
19360.0 99.82901225447648 100.90901642361456
19380.0 99.8235241355709 100.91264147554125
19400.0 99.81769875023822 100.90963098980421
19420.0 99.81754704550364 100.9030782695378
19440.0 99.82320930910528 100.89966796824743
19460.0 99.8288577018043 100.90293013056858
19480.0 99.82873577402569 100.90952110159243
19500.0 99.8229505460164 100.91264670615493
19520.0 99.81741767322895 100.90913564682238
19540.0 99.8178482262938 100.9025876783852
19560.0 99.8237795108522 100.89968587007527
19580.0 99.82911328600483 100.9034420322072
19600.0 99.828415334615 100.90999870818692
19620.0 99.82237811262662 100.9126005181324
19640.0 99.81718173119039 100.90861605333768
19660.0 99.81819138904481 100.90212358332623
19680.0 99.82434557273828 100.89975356534207
19700.0 99.82932362083616 100.90397468941161
19720.0 99.82805472416372 100.91044578522055
19740.0 99.82181234935317 100.91250393873361
19760.0 99.81699345628297 100.90807692467094
19780.0 99.81857429956843 100.90169022162691
19800.0 99.8249035904601 100.89987112010492
19820.0 99.82948762474533 100.90452457094281
19840.0 99.82765720315886 100.9108597368292
19860.0 99.82125797053337 100.91235881996845
19880.0 99.81685424695132 100.9075235385212
19900.0 99.81899350623009 100.90129198614795
19920.0 99.82544858775181 100.90003838911736
19940.0 99.82960330647136 100.90508777797626
19960.0 99.82722521137627 100.91123758099003
19980.0 99.82071880535976 100.912166516004
20000.0 99.81676461911144 100.90696045995266
