0.0 99.8255461266856 100.90154629995344
20.0 99.82130432315077 100.90007409430979
40.0 99.81257957335954 100.90593744779258
60.0 99.80694737630881 100.91950995344428
80.0 99.80890044063902 100.93395813102644
100.0 99.81493506394528 100.94156469123968
120.0 99.81643227648493 100.94097567049772
140.0 99.80802894769292 100.93889710639999
160.0 99.7934495688598 100.94341873260258
180.0 99.7824497791128 100.95556482596528
200.0 99.78111082936401 100.9679820615494
220.0 99.7853591372392 100.97183403735977
240.0 99.78474913426463 100.96578759472706
260.0 99.7732698802569 100.95804101196059
280.0 99.7562970470015 100.95796884287954
300.0 99.74569217775131 100.96628362256688
320.0 99.74742084517545 100.97424930062543
340.0 99.75491967924802 100.97239775083995
360.0 99.75557683075 100.96054319773884
380.0 99.74409252067755 100.94861335830763
400.0 99.72863568295556 100.94615533125462
420.0 99.72265510549599 100.95234467769407
440.0 99.73049715749183 100.95685410435175
460.0 99.7427596180296 100.95060903786926
480.0 99.74578062530333 100.93576047657896
500.0 99.73642100389752 100.9236200335582
520.0 99.72591927328173 100.92272014673668
540.0 99.72752927784416 100.93006794829631
560.0 99.74242058054331 100.93431982064203
580.0 99.75874705048047 100.92752775335885
600.0 99.76411421951018 100.91401044515084
620.0 99.75853523386539 100.90618313329178
640.0 99.75415495531745 100.91100971356002
660.0 99.76242987278933 100.9228259165388
680.0 99.78216112510813 100.92975441268548
700.0 99.80069810188915 100.9260612251477
720.0 99.80724237655595 100.91814674409468
740.0 99.80412761601426 100.91789114836111
760.0 99.80388739053613 100.92971292442822
780.0 99.8158384664216 100.94611796771534
800.0 99.83649714138089 100.95574241905543
820.0 99.85331266260957 100.95443103215122
840.0 99.85756873211302 100.94950857991279
860.0 99.85300462413088 100.9523137548215
880.0 99.85142799886432 100.96633468263956
900.0 99.8604828992773 100.98435452925341
920.0 99.87626862632666 100.99615884874196
940.0 99.88745878116151 100.99830931510255
960.0 99.88682299662781 100.99746581354086
980.0 99.8784827600019 101.00332640299723
1000.0 99.87350355740539 101.01826057954484
1020.0 99.878782307192 101.03511665389966
1040.0 99.89031631928003 101.04456270418558
1060.0 99.89720411948164 101.04409116162685
1080.0 99.8924571273342 101.04048042646892
1100.0 99.87984239257592 101.04292971292556
1120.0 99.87012716702 101.053743967973
1140.0 99.87051646503315 101.06649284052217
1160.0 99.87752827601317 101.07264771415625
1180.0 99.88048574934342 101.06995237209692
1200.0 99.87230469958747 101.06486982333739
1220.0 99.85676783526812 101.06603731506652
1240.0 99.84499477514623 101.07534735960269
1260.0 99.84440808164373 101.08634275581664
1280.0 99.85114621439395 101.09078754565282
1300.0 99.85372678523873 101.08682640390315
1320.0 99.84456533768113 101.08112036317311
1340.0 99.82791608652198 101.08198000143734
1360.0 99.81594048097823 101.09062548384361
1380.0 99.81650291489095 101.100138646978
1400.0 99.82517052033201 101.10247225067162
1420.0 99.82969443173549 101.09665309578658
1440.0 99.82257946558195 101.09018071456306
1460.0 99.80900871256587 101.09119402280538
1480.0 99.8017107787293 101.09976550299679
1500.0 99.80774243773287 101.10782983482841
1520.0 99.82099483989924 101.10718203407035
1540.0 99.82831418759933 101.09785596909892
1560.0 99.82304021115388 101.08852619104458
1580.0 99.81199918415886 101.08746951479598
1600.0 99.8084954222367 101.09386834806625
1620.0 99.8184619434792 101.09890900055807
1640.0 99.83426311269665 101.09486498534112
1660.0 99.84261448543684 101.08335684662767
1680.0 99.8384154113584 101.07432098046304
1700.0 99.83006794775608 101.07569549176176
1720.0 99.83073399586516 101.08516243482315
1740.0 99.8446718853338 101.09283212713791
1760.0 99.86284315098874 101.09132224331229
1780.0 99.87228699002479 101.08350197942463
1800.0 99.86949997782656 101.07988201461653
1820.0 99.86386804161717 101.08739521833213
1840.0 99.867726234244 101.10205810885414
1860.0 99.88352200717843 101.11325130524132
1880.0 99.90128891781708 101.11437487666271
1900.0 99.90887730531246 101.109688279354
1920.0 99.90430386204683 101.11018708023873
1940.0 99.89751114610401 101.12195125029153
1960.0 99.89996497057486 101.13988386242114
1980.0 99.9128827979824 101.15316724093265
2000.0 99.92608862579438 101.15606017325001
2020.0 99.92854652089872 101.15377560199497
2040.0 99.9195947847422 101.15720418153971
2060.0 99.90939905415716 101.17136091286373
2080.0 99.90848495665898 101.19039214207552
2100.0 99.91712774316608 101.2038107941269
2120.0 99.92523646582927 101.20684826735882
2140.0 99.92271550168093 101.2053079513548
2160.0 99.9096956173156 101.20967853417454
2180.0 99.89632648947148 101.22405555992786
2200.0 99.89252048636845 101.24211352756461
2220.0 99.89802486285713 101.25367046239793
2240.0 99.90280088177904 101.25462820461087
2260.0 99.89730560004479 101.25113621416968
2280.0 99.88222654424932 101.25332695922302
2300.0 99.8678410801536 101.26468379410781
2320.0 99.86366216868218 101.27874669346693
2340.0 99.86882144387862 101.2858176735643
2360.0 99.87297987515653 101.28250831224207
2380.0 99.86689151693261 101.27535651463471
2400.0 99.85189590883732 101.27425765365302
2420.0 99.83866071918163 101.28216622685264
2440.0 99.83633389018122 101.29239331184884
2460.0 99.84314839933334 101.29553975203073
2480.0 99.84819140609089 101.28889006883155
2500.0 99.84263467071314 101.2795423812929
2520.0 99.82892710679491 101.27730771822065
2540.0 99.81839884244418 101.2845014763033
2560.0 99.81960348688635 101.2938659703653
2580.0 99.82943757050876 101.29600894974216
2600.0 99.8362979486798 101.28881433981493
2620.0 99.83211491748662 101.27992016687114
2640.0 99.82078147535006 101.27883391692829
2660.0 99.81414577762636 101.28683669034433
2680.0 99.8196996824071 101.29582526545724
2700.0 99.83279687526161 101.29651820613766
2720.0 99.84151262789142 101.28780211929217
2740.0 99.8390913347416 101.27822729821865
2760.0 99.83092565255883 101.27719418429932
2780.0 99.82885239222486 101.28514547175922
2800.0 99.83884384899387 101.29348939100012
2820.0 99.8548564000593 101.29342118956727
2840.0 99.86507940458671 101.28488897168833
2860.0 99.86404461541584 101.27706010660108
2880.0 99.85804891810523 101.27890362071543
2900.0 99.85847869192955 101.28993428313561
2920.0 99.87003346979557 101.30107547250047
2940.0 99.8858859741483 101.30381591824279
2960.0 99.8946493576795 101.29876957631282
2980.0 99.89194947692629 101.29533456345632
3000.0 99.88473566330401 101.30188641789437
3020.0 99.88409089732865 101.31707566740162
3040.0 99.89394701106228 101.33143212814493
3060.0 99.90710676639394 101.3366896734291
3080.0 99.91253948754293 101.33400777451739
3100.0 99.90655697375854 101.33304309298074
3120.0 99.89655070286219 101.3418647472766
3140.0 99.89353408375668 101.35862210369638
3160.0 99.90097254181808 101.37362865491492
3180.0 99.91120385128399 101.37888830166877
3200.0 99.91316063250106 101.37616114455649
3220.0 99.90365560915663 101.37545889189914
3240.0 99.89075847527812 101.3845729664581
3260.0 99.88571136158772 101.40107301745047
3280.0 99.89145597877116 101.41498477488248
3300.0 99.89951397611212 101.41864392895832
3320.0 99.89856774691697 101.41452515893485
3340.0 99.88612363088619 101.41295744426124
3360.0 99.87128310288402 101.42122053499342
3380.0 99.86556399849383 101.43606932533089
3400.0 99.87103681863468 101.44724878506085
3420.0 99.87806512739482 101.44769996165437
3440.0 99.8751716210741 101.44087723257105
3460.0 99.86100564677179 101.43740137095607
3480.0 99.84597001019164 101.44379828633554
3500.0 99.8416158531939 101.45588498700322
3520.0 99.84867763454888 101.46333195252316
3540.0 99.85623719351288 101.46008303528616
3560.0 99.85306071572579 101.45076508530352
3580.0 99.83939422325682 101.44607367739421
3600.0 99.82684037210532 101.4514173634038
3620.0 99.82637689810795 101.46156723518185
3640.0 99.83697201736483 101.46635915320174
3660.0 99.84665485067777 101.46100833286559
3680.0 99.84498748172082 101.45122702617948
3700.0 99.83390441370791 101.44739209064171
3720.0 99.82560503142045 101.4535281988966
3740.0 99.829848332286 101.4634638793143
3760.0 99.84387191866588 101.46745201730651
3780.0 99.85528253534953 101.46199053149297
3800.0 99.85487631034556 101.45356377257637
3820.0 99.84599633298868 101.45194130362074
3840.0 99.84085229091428 101.45985048284504
3860.0 99.84790219119547 101.47051382982836
3880.0 99.86325717457831 101.47475118200155
3900.0 99.87474217318962 101.47011099006566
3920.0 99.87436266128343 101.46351669913828
3940.0 99.86629266567013 101.4641222189405
3960.0 99.86239961258126 101.47370737721653
3980.0 99.87014176693434 101.48518906855466
4000.0 99.88507070452484 101.4898973382143
4020.0 99.8953924580292 101.48616117359258
4040.0 99.89390035757282 101.48123171408687
4060.0 99.88512468964511 101.48385210640036
4080.0 99.88063582940852 101.49513638267639
4100.0 99.88736111791034 101.50770616007024
4120.0 99.90061170671127 101.5131134368073
4140.0 99.90879165621728 101.51019315315934
4160.0 99.90505931159801 101.506520799824
4180.0 99.89419628037497 101.51061294973249
4200.0 99.88781797276111 101.52299678997655
4220.0 99.89267699375874 101.53584503974464
4240.0 99.90381346055707 101.54074963947932
4260.0 99.90951250096178 101.53710844456874
4280.0 99.90314718067347 101.53310125155163
4300.0 99.88999402755933 101.53725688546078
4320.0 99.882035916618 101.54952527477913
4340.0 99.88581581251167 101.56151059702182
4360.0 99.89571259784016 101.56484961496126
4380.0 99.89958088412337 101.55969962675378
4400.0 99.89114363871855 101.55499778045187
4420.0 99.87657595842015 101.55916085765772
4440.0 99.8683644918962 101.57124352417665
4460.0 99.8725049260149 101.58207784079674
4480.0 99.88225757663032 101.58344400996272
4500.0 99.88498735848738 101.576499673984
4520.0 99.87520285593826 101.57098247047281
4540.0 99.86039999503609 101.57496617569385
4560.0 99.85346633511779 101.58639478012914
4580.0 99.85935010140533 101.59542503934024
4600.0 99.86989095001806 101.59436533647043
4620.0 99.87224466311878 101.58567614001949
4640.0 99.86225707705587 101.57978843205063
4660.0 99.84887835311663 101.58405623760294
4680.0 99.8449214434736 101.59510290824939
4700.0 99.85375032570816 101.6025895482098
4720.0 99.8657856042915 101.5997088627316
4740.0 99.8684714865284 101.59032267999748
4760.0 99.8593380404701 101.58524433239984
4780.0 99.8485063525169 101.59073874605113
4800.0 99.84809755634612 101.60209686848556
4820.0 99.85965543297206 101.60881668814072
4840.0 99.87262040161323 101.60524998249225
4860.0 99.87536265583807 101.59652733475387
4880.0 99.86719110809402 101.59343664165918
4900.0 99.85884205144367 101.60097337519
4920.0 99.86123062259009 101.61336202847905
4940.0 99.87424871836478 101.62029854910847
4960.0 99.88702362999221 101.61727071050382
4980.0 99.88920719559397 101.61023835426329
5000.0 99.88148922809916 101.60960175738657
5020.0 99.87458462637574 101.61923286140694
5040.0 99.87811676507144 101.63274202902488
5060.0 99.89086296460562 101.64022268913403
5080.0 99.90213889797464 101.6380288670776
5100.0 99.90276694719054 101.6325475605739
5120.0 99.89428967438884 101.63373352575208
5140.0 99.88716002147463 101.64468828604134
5160.0 99.89005287515097 101.65875868682576
5180.0 99.90113998294999 101.66641250140647
5200.0 99.91002976673327 101.66456175089142
5220.0 99.90834044752957 101.65981207023638
5240.0 99.89812067920451 101.6617931590435
5260.0 99.88969280761175 101.67311841838432
5280.0 99.89121525615921 101.6869748021793
5300.0 99.90046757358249 101.6940442700963
5320.0 99.90712860065335 101.69160879052724
5340.0 99.90325271215774 101.68650327578165
5360.0 99.89134407494109 101.6882165941926
5380.0 99.88189069119136 101.69901922316018
5400.0 99.88278222599136 101.71188929743872
5420.0 99.89128984886128 101.71756197223637
5440.0 99.89679526452562 101.7136338990952
5460.0 99.89158744133549 101.7073024745734
5480.0 99.87882892957472 101.70808770190295
5500.0 99.86951552318877 101.71791371126922
5520.0 99.87130263017136 101.72934863329608
5540.0 99.88059265285486 101.73303089173484
5560.0 99.88610338632641 101.72700998374881
5580.0 99.88042921985465 101.71915775904326
5600.0 99.86782473879265 101.71915721689544
5620.0 99.86003546356197 101.72837942104405
5640.0 99.86420695414388 101.738686419371
5660.0 99.87538420596739 101.74062561159326
5680.0 99.88149799330753 101.73303897268875
5700.0 99.8758521632362 101.72472215276413
5720.0 99.8642124860734 101.72532848477802
5740.0 99.85895961456887 101.73521917128129
5760.0 99.86621620123815 101.7453227032586
5780.0 99.87938760077152 101.74633224431895
5800.0 99.88592819150753 101.73826324962262
5820.0 99.8803943587898 101.73084983405928
5840.0 99.87015232240363 101.73332185242171
5860.0 99.86772272849585 101.744707855205
5880.0 99.8777311903434 101.75513716960522
5900.0 99.89206748430931 101.75587814661264
5920.0 99.89828549081005 101.74831867821308
5940.0 99.89251289862574 101.74284575572565
5960.0 99.88338052792344 101.74786247285489
5980.0 99.88298468370617 101.76105171802377
6000.0 99.89435643479702 101.77211769615363
6020.0 99.90835514393733 101.7731982612021
6040.0 99.91313823178223 101.7668975210708
6060.0 99.90636058995675 101.76380299636249
6080.0 99.89743608083748 101.77126615637796
6100.0 99.89773899786714 101.78587157325431
6120.0 99.90894456132808 101.79730014102296
6140.0 99.92137157072423 101.79865650466019
6160.0 99.92396245140097 101.79344764335839
6180.0 99.91557960943932 101.79209380967609
6200.0 99.9060096194263 101.80091350524553
6220.0 99.90589745228546 101.81577934603429
6240.0 99.91594220991152 101.82666829798173
6260.0 99.92623660396845 101.82759528618763
6280.0 99.92639904072654 101.82265726391576
6300.0 99.91612081611983 101.82192690984877
6320.0 99.9053994089141 101.83085725749258
6340.0 99.90439262277208 101.84490601965577
6360.0 99.91315694294833 101.85443162427613
6380.0 99.92160055066057 101.8541919626022
6400.0 99.9197481848415 101.8486959963718
6420.0 99.90789447460844 101.8476995407794
6440.0 99.8963489717344 101.85597514877358
6460.0 99.89505290620734 101.86865219300361
6480.0 99.90350616812353 101.87635932198496
6500.0 99.91123126856519 101.87446498863433
6520.0 99.90841695874228 101.86793054521016
6540.0 99.8959715847248 101.86636884495081
6560.0 99.88473419023778 101.87395345949793
6580.0 99.88452321784713 101.88534635102542
6600.0 99.89409083464818 101.89124650062294
6620.0 99.90230698080418 101.88763243219451
6640.0 99.89950287756747 101.88012934442537
6660.0 99.88744354616702 101.87837495165078
6680.0 99.8776598818522 101.88586424121515
6700.0 99.87968236875109 101.89655395487462
6720.0 99.89120567296595 101.90109982043488
6740.0 99.90036191400802 101.89623488619127
6760.0 99.89787289022557 101.88846475594325
6780.0 99.88663939568872 101.88747467478267
6800.0 99.87884020068086 101.89588820884927
6820.0 99.88340496455831 101.90676687583866
6840.0 99.89676621055384 101.91073664427898
6860.0 99.9064612936197 101.90545846357894
6880.0 99.90393542856035 101.89840830017397
6900.0 99.8933630063 101.89919116626665
6920.0 99.88735424876648 101.909357159117
6940.0 99.89393520717081 101.9210203766347
6960.0 99.90824893023603 101.92492175692367
6980.0 99.91753055952206 101.91980604575528
7000.0 99.91424506678972 101.91406750915276
7020.0 99.90381176049334 101.91701256857267
7040.0 99.8989698963762 101.92900348939736
7060.0 99.90663952078275 101.94134232875211
7080.0 99.92081942417275 101.94512559963974
7100.0 99.9287811783951 101.94025290192006
7120.0 99.92415724004735 101.93583824724949
7140.0 99.91340517868532 101.94066068740625
7160.0 99.90909014175928 101.95393081726968
7180.0 99.91698128522268 101.96640733479035
7200.0 99.93018489858456 101.96975080622249
7220.0 99.93625813209442 101.96494430300415
7240.0 99.92996227489037 101.9615543903001
7260.0 99.91853382694849 101.9676904665999
7280.0 99.91420094158805 101.9815626075516
7300.0 99.92168885077116 101.99364413551042
7320.0 99.93344861142462 101.99624414609858
7340.0 99.93742345884242 101.99126486481978
7360.0 99.92937575247097 101.98849594741296
7380.0 99.91714804214381 101.99533478608704
7400.0 99.91262107008706 102.00915631155915
7420.0 99.91961352389795 102.02030679041684
7440.0 99.9300315253958 102.02173850897015
7460.0 99.93217240301205 102.01614397038757
7480.0 99.92269176516994 102.01343547177672
7500.0 99.91000035291283 102.02033284811738
7520.0 99.90568331750845 102.0334889824886
7540.0 99.91269273354094 102.04318986183846
7560.0 99.92235907987214 102.0430228367392
7580.0 99.92328245264927 102.03643487770498
7600.0 99.91301750809062 102.03344258878897
7620.0 99.90059072250786 102.0401049944675
7640.0 99.89728657080158 102.05237638193036
7660.0 99.905110079312 102.06048639130167
7680.0 99.91474763748226 102.05866043720829
7700.0 99.91513044137972 102.05111039329672
7720.0 99.90480601660215 102.04795930328387
7740.0 99.89344619554664 102.05459816745419
7760.0 99.89193715118455 102.06626545787114
7780.0 99.90120893286466 102.07311603872358
7800.0 99.91128430810605 102.0700217623797
7820.0 99.91153831156478 102.0619821801454
7840.0 99.90162784752673 102.0592243011369
7860.0 99.8918426882061 102.06643966519789
7880.0 99.89251807359246 102.0781107026567
7900.0 99.90340138374499 102.08430194561856
7920.0 99.9139112808879 102.08055953083421
7940.0 99.91402878308857 102.07269317657007
7960.0 99.90459622848154 102.07100124170539
7980.0 99.89641741980004 102.07942137374378
8000.0 99.89911559931318 102.09166253135092
8020.0 99.91122874460322 102.09773789194801
8040.0 99.92171336560264 102.09391958990201
8060.0 99.92130612879937 102.08681045740845
8080.0 99.91202097714059 102.08668987751028
8100.0 99.90502284862353 102.09668134158484
8120.0 99.90912071271006 102.10975637494859
8140.0 99.92171571822875 102.11596497183676
8160.0 99.93147103401392 102.1123446512988
8180.0 99.92995498463266 102.10621500161572
8200.0 99.9202591652585 102.10771339405125
8220.0 99.91377172741463 102.11912413363189
8240.0 99.91847344354102 102.13277998646278
8260.0 99.93075497795914 102.13888307294059
8280.0 99.93911404915939 102.13525348375245
8300.0 99.93594833170859 102.12982507884351
8320.0 99.92532319357272 102.13248884097578
8340.0 99.91878543232507 102.14471385849204
8360.0 99.92353515346123 102.15832102792747
8380.0 99.9350497145284 102.16377304235704
8400.0 99.9417031887218 102.1596777674724
8420.0 99.93668206814012 102.15449047617237
8440.0 99.92497165307057 102.1577716673316
8460.0 99.91827105520707 102.17019468003893
8480.0 99.92302349842952 102.1831624784042
8500.0 99.93380087396288 102.18748177695397
8520.0 99.93884028340808 102.18255779029919
8540.0 99.93211661285862 102.17729063027508
8560.0 99.91956020052051 102.18082345962456
8580.0 99.91303038354955 102.19302182385067
8600.0 99.91816998175247 102.20493120949129
8620.0 99.92858787114434 102.20778499625814
8640.0 99.93238708619182 102.20182426509403
8660.0 99.92441043659029 102.19634279949837
8680.0 99.91160082955523 102.199976261354
8700.0 99.90593306309617 102.2117451848943
8720.0 99.91212118885758 102.22238603206542
8740.0 99.92273816133078 102.22366200746134
8760.0 99.92582740565915 102.21671566694005
8780.0 99.91724137618672 102.21118379590547
8800.0 99.90496207175028 102.2150837443522
8820.0 99.90093138726172 102.2265417551492
8840.0 99.90876840171076 102.23604364070823
8860.0 99.92001684238146 102.23599349426816
8880.0 99.92283542216607 102.22847796052935
8900.0 99.9142164813785 102.2233929395816
8920.0 99.90309259409727 102.22802686888366
8940.0 99.90115233297922 102.23959472328802
8960.0 99.91081718917505 102.24840733615719
8980.0 99.92273120730452 102.24758685946749
9000.0 99.92537504890035 102.24014663014593
9020.0 99.91691525973398 102.2361353606935
9040.0 99.90705142458245 102.24203787601574
9060.0 99.90702977119965 102.25418503769242
9080.0 99.91809414541956 102.26278756605079
9100.0 99.93019439691096 102.26171727128488
9120.0 99.93229380356921 102.2548540502987
9140.0 99.92367293119494 102.25229764930697
9160.0 99.91460475496953 102.25969852477617
9180.0 99.91580064361514 102.27256857460819
9200.0 99.92744352524986 102.28109588420844
9220.0 99.93899028804759 102.27991087060238
9240.0 99.93995745839486 102.27368637839815
9260.0 99.93062145612328 102.27249208962263
9280.0 99.92168404430319 102.2811541572744
9300.0 99.92332446838688 102.294454355114
9320.0 99.93480710011458 102.30263028780041
9340.0 99.94522207259432 102.30106895023542
9360.0 99.94462407032725 102.29517384391923
9380.0 99.93417540647245 102.29493516427219
9400.0 99.92494791605243 102.30438166340915
9420.0 99.92663765269857 102.31763549479824
9440.0 99.93767421933404 102.32502822282298
9460.0 99.94680579421642 102.32270194202846
9480.0 99.94458133794016 102.3167576242314
9500.0 99.93301098440557 102.31707640854069
9520.0 99.92354741657806 102.3268949612655
9540.0 99.92542092332548 102.33970055888845
9560.0 99.9362056321243 102.34594344173601
9580.0 99.94426952777616 102.34254534053412
9600.0 99.94066109993673 102.33630754271911
9620.0 99.92829706785894 102.33697155114702
9640.0 99.91904058311131 102.3469463197013
9660.0 99.92159042128633 102.35907435894003
9680.0 99.93255888658959 102.36396259750326
9700.0 99.93990787734242 102.35938033708338
9720.0 99.9352853389036 102.352849378893
9740.0 99.9226311188156 102.35390938772954
9760.0 99.914195589089 102.36406269821181
9780.0 99.91798591827657 102.3754927118288
9800.0 99.92952859388069 102.37903841051492
9820.0 99.9364362196331 102.37341249953366
9840.0 99.93114020218734 102.36685363165304
9860.0 99.91869772764821 102.36858880530261
9880.0 99.91162161527579 102.37912107759638
9900.0 99.91701669169339 102.38999621011581
9920.0 99.92926622503646 102.39240098324345
9940.0 99.93580023700669 102.3860765188605
9960.0 99.93003835325004 102.37992026467508
9980.0 99.91815409654492 102.38270614284806
10000.0 99.9127079217531 102.39387792200745
10020.0 99.91971909205986 102.40442184410973
10040.0 99.93248590922386 102.40600092125192
10060.0 99.93849389615986 102.39941780711956
10080.0 99.9322984135826 102.39411039218322
10100.0 99.92107437506229 102.39826150655126
10120.0 99.91718437636548 102.41025810334494
10140.0 99.92546637491904 102.42065728940177
10160.0 99.93829565797958 102.4217104326438
10180.0 99.94345127433537 102.41524379423011
10200.0 99.93666674098388 102.41107140577873
10220.0 99.92592229161477 102.41668191691988
10240.0 99.92318165885573 102.42948382646127
10260.0 99.93212556920156 102.43976561747392
10280.0 99.94442627610466 102.4404297672717
10300.0 99.94832481675829 102.43421756579181
10320.0 99.94066737570073 102.43115058453179
10340.0 99.9300396969547 102.4379904667948
10360.0 99.92791772728613 102.4513054794124
10380.0 99.93694364823399 102.46125898716382
10400.0 99.94827254975549 102.46140554282081
10420.0 99.95065579129458 102.45527255716948
10440.0 99.94193084901366 102.45297603133207
10460.0 99.93116543174013 102.46058617323725
10480.0 99.92936608324841 102.47396892511429
10500.0 99.93825624669779 102.48324538815274
10520.0 99.94854892850167 102.48258563315908
10540.0 99.94946000496398 102.47621085388899
10560.0 99.93972703734079 102.47428835921266
10580.0 99.92888208601437 102.48224920705682
10600.0 99.92752006310701 102.49533338333964
10620.0 99.9364850376751 102.50363556804827
10640.0 99.94601414771562 102.50191003305012
10660.0 99.94572951148066 102.49504707017998
10680.0 99.93527003586414 102.49326927572034
10700.0 99.92468803482325 102.50138836176363
10720.0 99.92418463605968 102.51401949651536
10740.0 99.93366046328427 102.52121583689147
10760.0 99.94279867680248 102.51833006036406
10780.0 99.94163513337786 102.5109585109972
10800.0 99.93080381722865 102.5093850268108
10820.0 99.92093476778926 102.51776241446429
10840.0 99.92176632976813 102.53003012219797
10860.0 99.93212744821705 102.53619846374889
10880.0 99.94110655105352 102.53228806550439
10900.0 99.93925758464358 102.52465930954249
10920.0 99.92834166448371 102.52362010841667
10940.0 99.91955766114472 102.53256830876906
10960.0 99.92202943423916 102.54471285362695
10980.0 99.93339267489038 102.55007165011418
11000.0 99.94219436923785 102.5454426635553
11020.0 99.93968284999588 102.53798013743386
11040.0 99.92884040290089 102.53791379916301
11060.0 99.92132671499037 102.54776846069058
11080.0 99.92546420044638 102.56001731507456
11100.0 99.93764763431419 102.56480080586877
11120.0 99.94603436969491 102.55980412490523
11140.0 99.94274909870006 102.55293544324527
11160.0 99.9319930323418 102.55418837950195
11180.0 99.9256999107925 102.5651242757785
11200.0 99.93123728654751 102.57755551962005
11220.0 99.94381633957448 102.58190141386414
11240.0 99.95141087779645 102.57679772558733
11260.0 99.94714225692314 102.57078717770831
11280.0 99.93632908111444 102.5734549050221
11300.0 99.93097961650994 102.58537649035495
11320.0 99.93744214960974 102.59784832929503
11340.0 99.9498870145519 102.60171908193499
11360.0 99.95629499555193 102.5965700153586
11380.0 99.95081178154346 102.59141365113543
11400.0 99.93971967392045 102.59529061925326
11420.0 99.93495593585332 102.60784160584383
11440.0 99.94187541698045 102.62001596373086
11460.0 99.9537689031743 102.62319897210523
11480.0 99.95874232194994 102.61786027175705
11500.0 99.9519188258192 102.61332512435096
11520.0 99.9404062119844 102.61801510375328
11540.0 99.93600637205948 102.63072518035119
11560.0 99.94314991802497 102.64219766809828
11580.0 99.95436289373956 102.64440607931752
11600.0 99.95791376626744 102.63863939157902
11620.0 99.94983742165812 102.63442868982803
11640.0 99.93799030572104 102.63955464274983
11660.0 99.93403213115883 102.65204319075097
11680.0 99.94151727050668 102.6625062937691
11700.0 99.95224603999928 102.663518931302
11720.0 99.95464373547406 102.65714978641161
11740.0 99.94562796932952 102.65309101145229
11760.0 99.933788796478 102.65848082236475
11780.0 99.93063835128558 102.67060526632389
11800.0 99.93884026795172 102.6799629832761
11820.0 99.94945556413049 102.67973711111331
11840.0 99.95107708321187 102.67278284140937
11860.0 99.94153660080492 102.66895042578143
11880.0 99.93016590927297 102.67472288339462
11900.0 99.92827862014812 102.68662513917978
11920.0 99.9375767063706 102.69502780176009
11940.0 99.9483679235855 102.69374466158524
11960.0 99.94947802014352 102.68645691523166
11980.0 99.93972736832968 102.68317353522636
12000.0 99.92917563180728 102.68967776747388
12020.0 99.92883191107059 102.70168261830376
12040.0 99.93934964142086 102.70942179774987
12060.0 99.95031499689865 102.70738944679871
12080.0 99.95090891743165 102.7001373077668
12100.0 99.94101956772495 102.69780393278431
12120.0 99.9313746938515 102.70539907874056
12140.0 99.93254139547672 102.71778212887065
12160.0 99.94406467390571 102.72508260685785
12180.0 99.9548990725204 102.72255173516008
12200.0 99.95472980242076 102.71563509240976
12220.0 99.94456134408466 102.71452662398066
12240.0 99.93568411230994 102.72337653563577
12260.0 99.93808323731263 102.73618896264237
12280.0 99.95017972384267 102.74307657131673
12300.0 99.96042877070272 102.7401368734032
12320.0 99.95916318499322 102.73368871245299
12340.0 99.94850580055346 102.73386033170091
12360.0 99.94017190583153 102.74386465648871
12380.0 99.94344281318396 102.75690617751584
12400.0 99.95564617442415 102.76321363365273
12420.0 99.96489218248442 102.75980544610752
12440.0 99.96227555010793 102.75379742614065
12460.0 99.95099165809626 102.75510435333005
12480.0 99.94303165430064 102.76596011940633
12500.0 99.9468867015244 102.7788791587492
12520.0 99.95885917323686 102.78434971941826
12540.0 99.96686234310427 102.7803431680269
12560.0 99.96282250718717 102.77465321888425
12580.0 99.95093139481905 102.77684500953788
12600.0 99.94332533499592 102.78817991772173
12620.0 99.94765870941694 102.80061469776739
12640.0 99.9592873179056 102.80501205312142
12660.0 99.96604293857035 102.80028409983355
12680.0 99.96071472158167 102.79477798150596
12700.0 99.94841516160608 102.79761411511636
12720.0 99.94132881498408 102.80912218517408
12740.0 99.9462479294423 102.82081703004171
12760.0 99.95764206695408 102.82400441720921
12780.0 99.96333964284433 102.81850245721077
12800.0 99.95701100463943 102.81311448902544
12820.0 99.9446370003407 102.8164657336037
12840.0 99.93837879469069 102.82800088546398
12860.0 99.94413590774667 102.83886897885336
12880.0 99.95552329242363 102.84084884676753
12900.0 99.96042572258676 102.83463386308958
12920.0 99.95342499405673 102.82942507895672
12940.0 99.9413412425118 102.83332938730283
12960.0 99.93624337651053 102.84493711555528
12980.0 99.94308908164022 102.85506837335171
13000.0 99.95465551924914 102.85598782067098
13020.0 99.9589509527227 102.84925097812943
13040.0 99.95151872527899 102.84442432526318
13060.0 99.93999495584607 102.84907607571589
13080.0 99.93627362360694 102.86094941723871
13100.0 99.94431001900233 102.87055188249786
13120.0 99.9560689560941 102.87065109704513
13140.0 99.95977008410432 102.8636681018927
13160.0 99.95197728058463 102.85950525539214
13180.0 99.94110616447507 102.86515622445239
13200.0 99.93877761829228 102.87750987802256
13220.0 99.9478895185473 102.88678450573985
13240.0 99.95964382019899 102.88628872532784
13260.0 99.96257701610322 102.87931764098035
13280.0 99.95432426547758 102.87605880463963
13300.0 99.94402183793956 102.88287344802185
13320.0 99.9429130729727 102.89579475301332
13340.0 99.95280441475334 102.9048072120305
13360.0 99.96421195274324 102.903822816803
13380.0 99.96609899918784 102.89700567894369
13400.0 99.95719990473728 102.89474264810318
13420.0 99.9472910413276 102.90269306272876
13440.0 99.9471414654652 102.91606143810935
13460.0 99.95746152815605 102.92469335798536
13480.0 99.96817654156003 102.92317553473683
13500.0 99.9687722779751 102.91650678763597
13520.0 99.95908015125609 102.91515966837933
13540.0 99.94942645566682 102.92403229302676
13560.0 99.95002975007503 102.93756236027009
13580.0 99.96052263784911 102.94557155988188
13600.0 99.97033087232775 102.943379563332
13620.0 99.9695309688922 102.93675902538838
13640.0 99.95903056223614 102.93615056849029
13660.0 99.94962569358867 102.94565430540177
13680.0 99.95092904770708 102.95901982786113
13700.0 99.96151576779586 102.96615259962198
13720.0 99.97038212324978 102.96314396310397
13740.0 99.9682447001566 102.95647233836304
13760.0 99.9570717915604 102.95644331094175
13780.0 99.94806698968735 102.966337198141
13800.0 99.95018524275054 102.97928781353883
13820.0 99.96094752393975 102.98537254044213
13840.0 99.96897455061801 102.9814834110936
13860.0 99.9656768471361 102.97474483740207
13880.0 99.95408394925617 102.97523957477088
13900.0 99.94574777760184 102.98540835889564
13920.0 99.94889804659752 102.99782592645545
13940.0 99.95999155401836 103.00281583379258
13960.0 99.96733429017077 102.99809981744437
13980.0 99.96310197827442 102.99139806401153
14000.0 99.95138896878586 102.99249098721336
14020.0 99.94401761375426 103.00295784927535
14040.0 99.94840863481018 103.01486130589343
14060.0 99.95995321486132 103.01883885796249
14080.0 99.96672821657688 103.01347024040393
14100.0 99.96175560065414 103.00702232280456
14120.0 99.95017745400553 103.00889614035043
14140.0 99.9439821183104 103.01978887396524
14160.0 99.94969887840482 103.03129636389221
14180.0 99.96168257730561 103.03443418040737
14200.0 99.96789211827483 103.02866069834536
14220.0 99.96226631494211 103.02273292782611
14240.0 99.9509444786863 103.02559747774377
14260.0 99.94596249520079 103.03705758630933
14280.0 99.952900613997 103.0482938778129
14300.0 99.96514347470436 103.05076100164845
14320.0 99.97065130671409 103.04480470445155
14340.0 99.96432286543904 103.03960680554854
14360.0 99.9532179486672 103.0435899768348
14380.0 99.94931047135319 103.05566560431286
14400.0 99.9572083821985 103.06665962984317
14420.0 99.96941360528395 103.0685250692393
14440.0 99.97399397818681 103.06249362829158
14460.0 99.96682358347134 103.05810015905355
14480.0 99.95579954019631 103.06318038896126
14500.0 99.95274668759485 103.07576874900072
14520.0 99.96130128974862 103.0864058676573
14540.0 99.9731689773886 103.08760267520655
14560.0 99.97660917316824 103.08146868939099
14580.0 99.96847156330509 103.07781618599454
14600.0 99.95741741167983 103.08383717345671
14620.0 99.95505556877649 103.09671352768363
14640.0 99.9640553986289 103.10677500265277
14660.0 99.97539531911868 103.10714912297806
14680.0 99.97759156748592 103.10081118341708
14700.0 99.96847144473092 103.09777532069327
14720.0 99.95740445359073 103.10453801950217
14740.0 99.95572362217376 103.1174548655591
14760.0 99.96512158039262 103.12671637526667
14780.0 99.97589768835371 103.1261231128767
14800.0 99.97688661724928 103.11950403815405
14820.0 99.9669117533462 103.11700166497566
14840.0 99.95600650132884 103.1243653022517
14860.0 99.95515621462842 103.13714514912557
14880.0 99.96504370795525 103.14545926674754
14900.0 99.97532983887491 103.14383791778108
14920.0 99.97524550888167 103.13695298796463
14940.0 99.96464670547829 103.13500115152127
14960.0 99.95417977370238 103.14293007779168
14980.0 99.95438519008707 103.1555025399189
15000.0 99.96489000086032 103.16283125581886
15020.0 99.97477289129505 103.16023393967646
15040.0 99.9737645017873 103.153210160188
15060.0 99.96279246265361 103.1519304774668
15080.0 99.95303928873778 103.16048661679446
15100.0 99.95448169335162 103.17287751150162
15120.0 99.96565609529029 103.17928274391893
15140.0 99.97514797448149 103.17586059777747
15160.0 99.97330724362936 103.16890875825236
15180.0 99.96215204798324 103.16848321346384
15200.0 99.95329266422674 103.17777374014231
15220.0 99.95602094649907 103.19005365665781
15240.0 99.96778010030886 103.19564693977708
15260.0 99.97678289064635 103.19159297510848
15280.0 99.97411285552391 103.18493843902819
15300.0 99.96286261076862 103.18553279141034
15320.0 99.95494129320397 103.195634583902
15340.0 99.95885486848069 103.20784850052824
15360.0 99.97098899599298 103.21272212790302
15380.0 99.9793180411722 103.20819982913879
15400.0 99.9757485931072 103.20201020325655
15420.0 99.96439905331539 103.2037065209806
15440.0 99.9573479415393 103.21460693069481
15460.0 99.96224560821518 103.22672044224636
15480.0 99.9744830585236 103.23089608116813
15500.0 99.98192428101231 103.22599046774053
15520.0 99.97735730944197 103.22033346920058
15540.0 99.96585941309134 103.22309877814517
15560.0 99.95956439702356 103.23467408261992
15580.0 99.96522725901414 103.24655730359693
15600.0 99.97731782888027 103.24997175949716
15620.0 99.98369828211514 103.24467856756182
15640.0 99.97807036862812 103.23952104961764
15660.0 99.9664013682766 103.2432216148113
15680.0 99.96078936982993 103.25526413159035
15700.0 99.96707403137573 103.2667236460037
15720.0 99.97887083799581 103.2692598875547
15740.0 99.9841229265054 103.26351979367583
15760.0 99.97746280670492 103.25877598188822
15780.0 99.96569071189509 103.2632442081077
15800.0 99.96079927448451 103.27553930889887
15820.0 99.96769557397934 103.28639160829962
15840.0 99.97918717603537 103.28794547263267
15860.0 99.9833597992321 103.2817132256167
15880.0 99.97579571610403 103.27732555301006
15900.0 99.96409021643414 103.28244817930026
15920.0 99.96006924450704 103.29485575916607
15940.0 99.96767618541867 103.30499445944123
15960.0 99.97893651434983 103.305533093245
15980.0 99.98213704188893 103.29883663110552
16000.0 99.9738455789654 103.29483472948289
16020.0 99.96242721969722 103.30060090646265
16040.0 99.95947110922631 103.31308529395045
16060.0 99.96790739539941 103.32249863247749
16080.0 99.97900114991312 103.32207663778888
16100.0 99.98131489673959 103.31503353649019
16120.0 99.9724541180058 103.3115408203026
16140.0 99.96152317859435 103.31802979347685
16160.0 99.95978478780994 103.3306331991914
16180.0 99.9690994433244 103.33937668644178
16200.0 99.98001022006905 103.3381149009396
16220.0 99.98145223553611 103.33090918858669
16240.0 99.97212125080019 103.32810483682259
16260.0 99.96180759811288 103.33543177439938
16280.0 99.9613414740676 103.34821543637125
16300.0 99.97146938559197 103.35636076142539
16320.0 99.9820799998566 103.35440129336754
16340.0 99.98259106648187 103.34723230032635
16360.0 99.97282229376387 103.3452866949651
16380.0 99.96316840542352 103.35353075528239
16400.0 99.96391870134232 103.3665090087897
16420.0 99.97468890008739 103.37408850392343
16440.0 99.98480819614882 103.37154232834045
16460.0 99.98428333168606 103.36456597305711
16480.0 99.97406120535204 103.36357687347642
16500.0 99.96503915722077 103.37272345069493
16520.0 99.96687096400214 103.3858190259924
16540.0 99.97805650784478 103.39279071506768
16560.0 99.98747483010504 103.389702757428
16580.0 99.98580930944385 103.3829940005439
16600.0 99.97510816024447 103.3829556796206
16620.0 99.966664601745 103.39288174680118
16640.0 99.9694260194255 103.4059260715655
16660.0 99.98081558519482 103.41217778485998
16680.0 99.98936931113379 103.40852718852459
16700.0 99.98650943069434 103.40208268499485
16720.0 99.97534140053196 103.40290418352949
16740.0 99.96745687858025 103.41341634041513
16760.0 99.97104925430419 103.42619635478378
16780.0 99.9825130732648 103.43158744851108
16800.0 99.99013275319712 103.42732327748189
16820.0 99.98610995536042 103.42110398870919
16840.0 99.97456062910882 103.42267002072727
16860.0 99.96729385808977 103.4335780224814
16880.0 99.97171388083079 103.44590624474812
16900.0 99.98322777394073 103.45032560934041
16920.0 99.98994172188094 103.44541971839587
16940.0 99.98486900630284 103.43941171185133
16960.0 99.9730984911458 103.44165310972511
16980.0 99.96658710804826 103.45283801967207
17000.0 99.97191286478001 103.46460692405746
17020.0 99.98352351827832 103.46801501736672
17040.0 99.98941236503575 103.46250205667833
17060.0 99.98344222608355 103.45675966575007
17080.0 99.97164736548791 103.45969286845533
17100.0 99.96606213420813 103.47113279148931
17120.0 99.97239035940844 103.48232664890674
17140.0 99.98414283608538 103.48476256932864
17160.0 99.98927213737365 103.4787487680242
17180.0 99.98253989407586 103.47340026315266
17200.0 99.97089849175875 103.47711994434009
17220.0 99.96637727375834 103.48886738671654
17240.0 99.97374998261196 103.49953345569922
17260.0 99.98562056308924 103.50108988903645
17280.0 99.98998899397806 103.49473030927372
17300.0 99.98257058475635 103.48994679280013
17320.0 99.97119692111276 103.49457896209285
17340.0 99.9677955383164 103.50670336867412
17360.0 99.97615658433759 103.51689635922054
17380.0 99.98802543010636 103.51767169917659
17400.0 99.99155227609977 103.51112353044357
17420.0 99.98345603150864 103.50706319811114
17440.0 99.97239053151782 103.51269919484656
17460.0 99.9700763224615 103.52522012840805
17480.0 99.97927835840603 103.5349444444706
17500.0 99.99095185296959 103.53499485308195
17520.0 99.99350664586223 103.52837171779123
17540.0 99.98470180704935 103.52513090763394
17560.0 99.9739395120641 103.53177882212262
17580.0 99.97262710801571 103.54462600855628
17600.0 99.98247896593497 103.55380880019145
17620.0 99.99374385920498 103.55312997538115
17640.0 99.9951987912366 103.54648548390352
17660.0 99.98566318664797 103.5440838615715
17680.0 99.97520103900021 103.55166193005904
17700.0 99.97480515277859 103.56468207183896
17720.0 99.98512940378649 103.57319008834222
17740.0 99.99580887612832 103.57173572702538
17760.0 99.99608764152383 103.56507975326016
17780.0 99.98584976622949 103.56348043244377
17800.0 99.97572770026981 103.57184933811666
17820.0 99.97620659547202 103.58485028882423
17840.0 99.98688267376757 103.59253625838312
17860.0 99.9968726921396 103.59025745723622
17880.0 99.99597681947981 103.58359060958391
17900.0 99.98513545895348 103.58274054724524
17920.0 99.97545484801748 103.59175580780662
17940.0 99.97682863486398 103.60456381591474
17960.0 99.98780649898414 103.61131626868494
17980.0 99.9970797634771 103.60819951556525
18000.0 99.99508300138467 103.60154714524342
18020.0 99.98379729225398 103.60141761006112
18040.0 99.97471014559231 103.6109761423427
18060.0 99.97704732413366 103.62347837343815
18080.0 99.98832696748973 103.62925183732823
18100.0 99.9969043681799 103.62533918256716
18120.0 99.99391967513297 103.61877086005752
18140.0 99.98237540674336 103.61938080240289
18160.0 99.97404964397909 103.62944289707028
18180.0 99.97742837116287 103.6416002083415
18200.0 99.98901631476573 103.64641802204292
18220.0 99.9969213025753 103.64180614497972
18240.0 99.99305663599752 103.63543613112788
18260.0 99.98142339569085 103.63685204416093
18280.0 99.97399907753334 103.64743400572743
18300.0 99.97846180471859 103.65926442888922
18320.0 99.99032672261185 103.66319807727194
18340.0 99.9975450352129 103.65801929557884
18360.0 99.99286720264044 103.65198876605653
18380.0 99.9812641869552 103.65430158338835
18400.0 99.97482000054941 103.66544319080135
18420.0 99.98034284657707 103.67698316571307
18440.0 99.99239053841288 103.68011496210327
18460.0 99.99885111471721 103.67450460659097
18480.0 99.99337076110889 103.66894918694064
18500.0 99.9818543573243 103.67223523149777
18520.0 99.97639923730407 103.68395294209944
18540.0 99.98288966532286 103.69520959847587
18560.0 99.99496722868203 103.69759146691266
18580.0 100.0005513818804 103.69165348096897
18600.0 99.99423571604564 103.68666934715516
18620.0 99.98281615701936 103.69095232383084
18640.0 99.97831111104179 103.70319962584433
18660.0 99.98563537983091 103.7141169813577
18680.0 99.99756292367667 103.7157465878327
18700.0 100.00213882295299 103.70953624477185
18720.0 99.99494824496406 103.70516409919968
18740.0 99.98362874977524 103.71039968691144
18760.0 99.98002872722437 103.7230576072781
18780.0 99.98805564708438 103.73351683897536
18800.0 99.9996707625699 103.73434554147389
18820.0 100.00313739225302 103.72787948533276
18840.0 99.9950683854447 103.72411524753662
18860.0 99.98388679534429 103.73020759263098
18880.0 99.98118112447003 103.7431111148727
18900.0 99.98982066839324 103.75296461145152
18920.0 100.0010139174648 103.75293166642157
18940.0 100.00333219022629 103.74621825607906
18960.0 99.99444367424071 103.74304423141919
18980.0 99.98349472312441 103.74988496479327
19000.0 99.98172552289434 103.76286997863589
19020.0 99.99094282811136 103.77198828575662
19040.0 100.0016662544969 103.77106029331759
19060.0 100.00286174528287 103.76413236588091
19080.0 99.99327270555132 103.76155107770639
19100.0 99.98270104620865 103.76905904147395
19120.0 99.98195174279337 103.78200355895386
19140.0 99.99175089614539 103.79031015398812
19160.0 100.00199780717769 103.78850612249346
19180.0 100.00213726651246 103.7814406331099
19200.0 99.99199997838933 103.7794953704241
19220.0 99.98196951266954 103.7876382322567
19240.0 99.98233044701458 103.80048021794222
19260.0 99.99271839643754 103.80796141517584
19280.0 100.00248757801783 103.80535574928736
19300.0 100.0016434867247 103.79827389814737
19320.0 99.99110613359056 103.79704805978075
19340.0 99.98175959967355 103.80583896777225
19360.0 99.98328679159592 103.81856691205257
19380.0 99.9942349252287 103.82525659058568
19400.0 100.00349617354694 103.82196061681908
19420.0 100.0017135254192 103.81500809080725
19440.0 99.99088591838812 103.81460323823673
19460.0 99.98231101213443 103.82407381998802
19480.0 99.98499679790447 103.83669425331107
19500.0 99.99641814083805 103.84263878574104
19520.0 100.00509381604635 103.83876625594094
19540.0 100.00237289066689 103.83207957621597
19560.0 99.9913108431187 103.83257984687056
19580.0 99.98353028328779 103.84274060221279
19600.0 99.98730182341535 103.85523613633387
19620.0 99.9990560565135 103.86045454900865
19640.0 100.00702819965484 103.85608681119922
19660.0 100.00333271005437 103.84976221666375
19680.0 99.99205106438188 103.85120396597807
19700.0 99.98504415712803 103.86201330866368
19720.0 99.98979226164023 103.8743140742114
19740.0 100.00171659680859 103.87877605626275
19760.0 100.00885696794967 103.87394749440782
19780.0 100.00414538129536 103.86803140958276
19800.0 99.99265452646092 103.87039619540106
19820.0 99.98639920279183 103.88175660720263
19840.0 99.99202146240302 103.89374210388874
19860.0 100.00397067675834 103.89737674245958
19880.0 100.01017756828824 103.892088500608
19900.0 100.00444009383243 103.88659399510549
19920.0 99.99278508328182 103.88982811423034
19940.0 99.987296435213 103.90161050426387
19960.0 99.99373085794811 103.91313911850199
19980.0 100.00560481668455 103.91586716043481
20000.0 100.01082684246347 103.91011903961676
