0.0 99.8255461266856 100.90154629995344
20.0 99.82965284859985 100.88984101310241
40.0 99.83791566894506 100.88494353975733
60.0 99.84280752145666 100.88684067333777
80.0 99.84043139643347 100.88887146255475
100.0 99.83488631941998 100.88435778931739
120.0 99.83398986792906 100.87333279096282
140.0 99.84127622208469 100.86251126173684
160.0 99.85277284792812 100.8589594353154
180.0 99.86119579649971 100.86310303696301
200.0 99.86297559490241 100.86827170172396
220.0 99.86134161382745 100.86789628305995
240.0 99.86254269101472 100.86224413639786
260.0 99.86932784953362 100.85768113563367
280.0 99.87833210657502 100.85990266451927
300.0 99.88352099480318 100.86793161172044
320.0 99.88214857754232 100.87515286004938
340.0 99.87753689833754 100.8765320172949
360.0 99.87557746205268 100.87351937514855
380.0 99.87845671487176 100.87177470094332
400.0 99.88233220205082 100.87522536132775
420.0 99.88166136172119 100.88213034759758
440.0 99.87542540440568 100.88666774557642
460.0 99.86823454840919 100.88493626626459
480.0 99.86544561153568 100.87891466268904
500.0 99.86769962549694 100.87449035385676
520.0 99.87035978962467 100.87538641365326
540.0 99.8683511451666 100.87900016708932
560.0 99.86157363054866 100.87901662478949
580.0 99.85524887528904 100.87231098738506
600.0 99.85472983308753 100.862339490956
620.0 99.86000456100155 100.85568068421581
640.0 99.86538766928338 100.85558636664278
660.0 99.86518085280161 100.85849293097701
680.0 99.85972847397231 100.85741319258689
700.0 99.85535176083728 100.8493141118183
720.0 99.85801014123915 100.83834567450533
740.0 99.86709948045846 100.83184009454824
760.0 99.87579912449434 100.83327195591784
780.0 99.87783401273896 100.83851381332717
800.0 99.87378105093845 100.83972028380958
820.0 99.87041342413053 100.83350695278536
840.0 99.87377879247063 100.82435417721223
860.0 99.8830495489735 100.82015658891407
880.0 99.89136526539134 100.82456455321282
900.0 99.89271499104551 100.83301280658523
920.0 99.88785605867851 100.83718241076502
940.0 99.88342671072118 100.83362801343263
960.0 99.88518004961801 100.82698344067227
980.0 99.89228542733274 100.82503688176647
1000.0 99.89838228329423 100.83088720380874
1020.0 99.89802527940986 100.83961089848007
1040.0 99.89203910477998 100.84341519117896
1060.0 99.88653320113245 100.83980129816163
1080.0 99.88661300248526 100.8336569758125
1100.0 99.89132615280676 100.83188621807764
1120.0 99.89482603200653 100.83636542296402
1140.0 99.89235584821492 100.84208241133055
1160.0 99.88518301028309 100.8426561433488
1180.0 99.87938973338076 100.8370123734514
1200.0 99.87950705092541 100.82996990381051
1220.0 99.88379750793362 100.82722407918737
1240.0 99.88627041967278 100.82985507825379
1260.0 99.88320892639288 100.83319858642233
1280.0 99.87713353577652 100.83165835030782
1300.0 99.87401076616553 100.82463333965771
1320.0 99.8769561951556 100.81716789558341
1340.0 99.88306096966662 100.81494041133254
1360.0 99.88636899782335 100.8184065855988
1380.0 99.88395927683595 100.82197769834984
1400.0 99.87898768700884 100.81992289366897
1420.0 99.87754847662873 100.81261902280183
1440.0 99.88239952718247 100.80616406569317
1460.0 99.88985743789429 100.80627144648388
1480.0 99.89329397243621 100.81238065392077
1500.0 99.88991842143629 100.81779070905921
1520.0 99.88376979155832 100.81651185197641
1540.0 99.88171045155134 100.80951470972862
1560.0 99.88639839105251 100.80363576889593
1580.0 99.89340869325353 100.80482588615178
1600.0 99.89563509933535 100.8120851001111
1620.0 99.89054943045737 100.81809599832775
1640.0 99.88283990976504 100.81675090603204
1660.0 99.87972427052804 100.80941306043555
1680.0 99.88365567425602 100.80333296979147
1700.0 99.88988362047648 100.80449350691099
1720.0 99.89132573864727 100.81155584449604
1740.0 99.88572526619151 100.81699633831514
1760.0 99.87788431148854 100.81494380679894
1780.0 99.87474189950814 100.80708328940382
1800.0 99.87836134080915 100.8006365538881
1820.0 99.88403828310562 100.80116796314208
1840.0 99.88519194821878 100.80695148261586
1860.0 99.87995503832485 100.81069795255958
1880.0 99.87295827051656 100.807328782507
1900.0 99.87055115163504 100.79906231812974
1920.0 99.87438993672603 100.79277125144449
1940.0 99.87992629911871 100.79303653332057
1960.0 99.88110616950111 100.79754376533036
1980.0 99.87656358220508 100.79960842721425
2000.0 99.87107759667745 100.79536568188182
2020.0 99.87058319801258 100.78752520706432
2040.0 99.87590830493305 100.78233290380791
2060.0 99.88190966532821 100.78344424824564
2080.0 99.88289640459679 100.7882162138115
2100.0 99.8786051944141 100.79029078587816
2120.0 99.87437457639416 100.78629655295117
2140.0 99.87543174017964 100.77934617367384
2160.0 99.88142536545273 100.77587676510466
2180.0 99.8867888662859 100.77915654030122
2200.0 99.88645277937698 100.7855724224786
2220.0 99.88105138344329 100.78812644237911
2240.0 99.87631397206997 100.78392771117737
2260.0 99.87724085311987 100.77717573262586
2280.0 99.88290477400552 100.77479506902917
2300.0 99.88722142753828 100.77942502757021
2320.0 99.88511248601681 100.78639401057642
2340.0 99.87779841033691 100.78834396078791
2360.0 99.87171412728793 100.78297921664681
2380.0 99.87203646291697 100.77529096462459
2400.0 99.87736143422616 100.77245596575536
2420.0 99.88106292416863 100.77672358170719
2440.0 99.8780642140534 100.78288692801077
2460.0 99.87009637425615 100.78352738022157
2480.0 99.86404328968385 100.7767616578049
2500.0 99.86498700777925 100.76795631794651
2520.0 99.87106008822107 100.76431269877395
2540.0 99.87538721465744 100.7678095837496
2560.0 99.87307562781562 100.77303332475373
2580.0 99.8661399806102 100.77274937499429
2600.0 99.86140036633446 100.76544734065733
2620.0 99.86349298260063 100.7566175165671
2640.0 99.87021689692604 100.75318819182952
2660.0 99.87488476795708 100.75667617901257
2680.0 99.87310986211592 100.76151239989079
2700.0 99.867176518107 100.76089350712088
2720.0 99.86361897013941 100.75390373160006
2740.0 99.86649861475188 100.7461501553364
2760.0 99.87334191669457 100.7440133310818
2780.0 99.87775815262543 100.7482471387123
2800.0 99.87596374971156 100.75311077934563
2820.0 99.87063862585975 100.75247652455474
2840.0 99.8681272766298 100.74622866909512
2860.0 99.87181473718209 100.74008163992254
2880.0 99.87860661261213 100.73976958752246
2900.0 99.8821265658753 100.74526794451444
2920.0 99.87931891703644 100.75062992440346
2940.0 99.87360732854627 100.75020332050151
2960.0 99.8712786469474 100.74450775354114
2980.0 99.87488807742719 100.73950803647544
3000.0 99.88058451264236 100.74058481231003
3020.0 99.88208539129919 100.74693489129494
3040.0 99.87718961859629 100.75204056649392
3060.0 99.87009639098747 100.7504713779679
3080.0 99.86714965103566 100.74356693608087
3100.0 99.87035614551513 100.73790938869283
3120.0 99.87529936965441 100.73870870527878
3140.0 99.8756408135495 100.74439355582643
3160.0 99.86966859427056 100.74794263485373
3180.0 99.86217044090395 100.74426953468085
3200.0 99.85966732744967 100.73550312177635
3220.0 99.86379094475106 100.72868228322892
3240.0 99.86957517389284 100.72881712538168
3260.0 99.8704897575267 100.7337811564537
3280.0 99.8651229441557 100.73629541195511
3300.0 99.85868016334884 100.73158995160563
3320.0 99.85771880011865 100.72227552078272
3340.0 99.86345013245722 100.71556451462467
3360.0 99.87049053589851 100.71621408746705
3380.0 99.87231880205563 100.72166834411497
3400.0 99.86785959118924 100.72452187052154
3420.0 99.86251947668912 100.72030921539569
3440.0 99.86260494395492 100.711970930184
3460.0 99.86885733065769 100.7066821922839
3480.0 99.87574741743587 100.70874735267117
3500.0 99.87712170555893 100.71512702485234
3520.0 99.87241443075416 100.71845708831795
3540.0 99.86715404532 100.7148215228747
3560.0 99.86723730978532 100.707587606563
3580.0 99.87290099504725 100.70373996944691
3600.0 99.87857045019547 100.70687499532978
3620.0 99.87860265419486 100.71341045201484
3640.0 99.87306445058712 100.71623690029631
3660.0 99.86765615579671 100.71223823784487
3680.0 99.8678054573453 100.70527882422525
3700.0 99.87307839056851 100.7020787091727
3720.0 99.87767811964142 100.7054940636642
3740.0 99.87645104989436 100.71145919811289
3760.0 99.87022729904004 100.71313683138133
3780.0 99.86497617336096 100.70815153716352
3800.0 99.86562325306002 100.70086716047552
3820.0 99.87096034468951 100.69786219359968
3840.0 99.87489367386986 100.70134501783278
3860.0 99.87273917552825 100.70666648683306
3880.0 99.86609419458556 100.707050965908
3900.0 99.86125265772677 100.70077996372676
3920.0 99.86276171096303 100.69284309082879
3940.0 99.86873069081037 100.68987679043785
3960.0 99.87272486081723 100.69354261675787
3980.0 99.87036060542786 100.6985739544317
4000.0 99.86384392309017 100.6981672468386
4020.0 99.85977449813939 100.6911740271086
4040.0 99.86240890100201 100.68315010109207
4060.0 99.86926425888281 100.68078004056036
4080.0 99.87359846205338 100.68521537518939
4100.0 99.8712727437448 100.6906323050943
4120.0 99.86498204230816 100.69021859947391
4140.0 99.86152005443722 100.68330634526546
4160.0 99.86482807760065 100.67585885260738
4180.0 99.8719558353768 100.67448270739807
4200.0 99.8760611740566 100.6798126775071
4220.0 99.87335617953713 100.68561404279164
4240.0 99.86693399930452 100.68525062822033
4260.0 99.86358760256593 100.67857529353398
4280.0 99.8668501436345 100.6718051028776
4300.0 99.87342903079937 100.67123725341254
4320.0 99.87661356778493 100.6769011471913
4340.0 99.87311157367684 100.68233738446983
4360.0 99.86639118981302 100.681380049597
4380.0 99.8631162701806 100.67451921157078
4400.0 99.8663121535989 100.6680848779639
4420.0 99.8723333213413 100.6678461285794
4440.0 99.87465862189649 100.67318734991214
4460.0 99.87058915646853 100.67760748875038
4480.0 99.86402991918915 100.67559406029773
4500.0 99.86145936982048 100.66829395085276
4520.0 99.86523755320029 100.66208304453126
4540.0 99.8712129257676 100.66218711618521
4560.0 99.87302750998478 100.66737649419007
4580.0 99.86867226456127 100.6710640149887
4600.0 99.86255732647953 100.66826474541716
4620.0 99.86094255682067 100.66073888071173
4640.0 99.8654596363867 100.65501831704101
4660.0 99.87142676202717 100.65589041383384
4680.0 99.87265629498677 100.66143363007963
4700.0 99.86782531583687 100.6647685210574
4720.0 99.86186264993279 100.66132371207063
4740.0 99.86090368096676 100.65354863696314
4760.0 99.86597555152522 100.64828013309513
4780.0 99.87190390821331 100.64994115533291
4800.0 99.87259053146525 100.65590524622044
4820.0 99.8672814661636 100.65898010622101
4840.0 99.86138665241378 100.65499967360583
4860.0 99.86096890571358 100.64706935763671
4880.0 99.86651690551817 100.64228616908065
4900.0 99.87240487870119 100.64470574780007
4920.0 99.87261858861362 100.65106581419793
4940.0 99.86690331170858 100.65395569125953
4960.0 99.86104764519358 100.64961954310071
4980.0 99.86097555216021 100.64169640987568
5000.0 99.86668454956818 100.63738814320948
5020.0 99.87225617062636 100.64032078714499
5040.0 99.87189570604457 100.64670242195461
5060.0 99.86583389849888 100.64910711825117
5080.0 99.86009060694103 100.6442938836092
5100.0 99.86031058705898 100.63634718059272
5120.0 99.86601010205011 100.632385183828
5140.0 99.87112696925298 100.63549264019836
5160.0 99.87022891570776 100.64144034836066
5180.0 99.8640510326718 100.64300640118707
5200.0 99.85873514399212 100.63759526812947
5220.0 99.8595149632376 100.62968137230156
5240.0 99.86537447247902 100.62614301339455
5260.0 99.870144694737 100.62942488170276
5280.0 99.86883876470097 100.63490558018296
5300.0 99.86276319520049 100.63567358765101
5320.0 99.85817045955389 100.62982024012037
5340.0 99.85979860545197 100.62218420666647
5360.0 99.86600178701751 100.61937592972889
5380.0 99.8704654685757 100.62318952266263
5400.0 99.86870077316452 100.62858053040716
5420.0 99.86266189102068 100.62887493479373
5440.0 99.85872873493292 100.62280457381557
5460.0 99.86111008325028 100.61562277467874
5480.0 99.86749946863709 100.61376173805759
5500.0 99.87143653608014 100.61837060043177
5520.0 99.86893995762311 100.62388150210134
5540.0 99.86260906110667 100.62376110841342
5560.0 99.85897054328774 100.61738513140064
5580.0 99.86176727655906 100.61049650872681
5600.0 99.86809577048015 100.60940052744726
5620.0 99.87135866445387 100.61459887517888
5640.0 99.86802488855437 100.62000140075733
5660.0 99.86127518323612 100.61924553255955
5680.0 99.8577796459819 100.61235405775963
5700.0 99.86086791949337 100.60550778714742
5720.0 99.86710765847405 100.60483369091885
5740.0 99.86980347303226 100.61021564687404
5760.0 99.86584677986718 100.6151628567305
5780.0 99.85892021884456 100.61358231903672
5800.0 99.85576141310483 100.60610493322794
5820.0 99.85927324227222 100.59921466251195
5840.0 99.86556829071127 100.59876775050236
5860.0 99.86795360193383 100.6040788486832
5880.0 99.86376921019819 100.60841831110879
5900.0 99.85711402664167 100.60607821179015
5920.0 99.85465517847523 100.59825734618384
5940.0 99.8587958243558 100.59160766775223
5960.0 99.86524720021421 100.59160800078793
5980.0 99.86743529339394 100.59700934548161
6000.0 99.86321091603918 100.60094473686284
6020.0 99.85703456120736 100.5981727915087
6040.0 99.85538085475812 100.59044500525977
6060.0 99.8600807194153 100.58449354475373
6080.0 99.86647507455223 100.58532057766806
6100.0 99.86820231754712 100.59107247731835
6120.0 99.86370314509429 100.59478311891324
6140.0 99.8578075233281 100.59173481456328
6160.0 99.8567477367752 100.58425319132674
6180.0 99.86173570335345 100.57912808524601
6200.0 99.86773753741903 100.58083926047148
6220.0 99.86864829150663 100.58690116698409
6240.0 99.86355905469613 100.59025763308912
6260.0 99.85769741150555 100.58674068405855
6280.0 99.8570432151165 100.57927856500729
6300.0 99.86216922030687 100.57474093794272
6320.0 99.86765789932709 100.57708930492403
6340.0 99.86766545071622 100.5831989533759
6360.0 99.86193506333831 100.58592089810672
6380.0 99.85608965294911 100.58164112638521
6400.0 99.85586787627909 100.57389860642584
6420.0 99.86122530365613 100.56965473099815
6440.0 99.8663725797196 100.57237053549679
6460.0 99.86570843687717 100.57831233610946
6480.0 99.85958005960445 100.5802676859322
6500.0 99.8539631780592 100.57516767553084
6520.0 99.85435014249818 100.56711410083417
6540.0 99.86011520352216 100.56312093837502
6560.0 99.86514895536577 100.5661565180839
6580.0 99.86410661116713 100.57193676619121
6600.0 99.85788556007164 100.57324764800676
6620.0 99.85272952261356 100.56755762336496
6640.0 99.8538375835757 100.55945345887606
6660.0 99.86004053527334 100.55592043604246
6680.0 99.86500426361118 100.55941149562899
6700.0 99.86370001824965 100.56515696129281
6720.0 99.85753853121741 100.5660378962051
6740.0 99.85292731038685 100.56008405885144
6760.0 99.85469272175973 100.55229375409817
6780.0 99.86114260029078 100.54951249308361
6800.0 99.86581696281263 100.55361598911782
6820.0 99.86408806486183 100.55939789386517
6840.0 99.85788041831877 100.55994212724663
6860.0 99.85368879195207 100.55388705051163
6880.0 99.85589383384087 100.54658610122365
6900.0 99.86228089788173 100.54463632533184
6920.0 99.86633362633589 100.54927333200501
6940.0 99.86390844216857 100.55490193381227
6960.0 99.85747961592439 100.5549080246494
6980.0 99.85359748241808 100.5485841237059
7000.0 99.85614147504674 100.5416097806312
7020.0 99.86235036449081 100.54028215261751
7040.0 99.86567835662844 100.54518528134794
7060.0 99.86251935956759 100.55037588504588
7080.0 99.8559212143108 100.54958422025524
7100.0 99.85246275942556 100.54276725025854
7120.0 99.85548244419009 100.53592959778516
7140.0 99.8616580096691 100.53507439487537
7160.0 99.86442473014628 100.54014050267372
7180.0 99.86071732292652 100.54483560085829
7200.0 99.85413409819094 100.54322362200031
7220.0 99.85125957238309 100.53591497574146
7240.0 99.85489761574345 100.5292403339932
7260.0 99.86119043002039 100.52891468026479
7280.0 99.8635651155242 100.53423547430943
7300.0 99.85947054450871 100.53856995742426
7320.0 99.85301134136805 100.53631568765059
7340.0 99.85075646389551 100.52870898697141
7360.0 99.85499432524918 100.52236686316849
7380.0 99.86137968767952 100.5226918725138
7400.0 99.86337219223005 100.52835625390401
7420.0 99.85892750661336 100.53244191522093
7440.0 99.85260266404791 100.52971374693496
7460.0 99.85089492748462 100.52199863534503
7480.0 99.85557420120861 100.51612424334164
7500.0 99.8618757851039 100.51712604535031
7520.0 99.86337523567789 100.52307329315596
7540.0 99.85855377489757 100.52685732758886
7560.0 99.85235584816661 100.52368280833024
7580.0 99.8511193322757 100.51594328100427
7600.0 99.85607416252026 100.51058333595108
7620.0 99.86210500948094 100.51219054103301
7640.0 99.86299502134659 100.51824630449792
7660.0 99.8577808965334 100.52155918639329
7680.0 99.85174075064776 100.51786026260648
7700.0 99.85097273229164 100.5100933376378
7720.0 99.85613851376435 100.50522926667584
7740.0 99.86181402688528 100.50733176789852
7760.0 99.86205713133387 100.51331247490761
7780.0 99.8564953353294 100.51598849144986
7800.0 99.85071571350731 100.51167807675262
7820.0 99.85052004266778 100.50385779112995
7840.0 99.85596589481037 100.49947048912257
7860.0 99.86132919048727 100.50202476585044
7880.0 99.8609820385146 100.5078818829678
7900.0 99.85517061544012 100.50990457242555
7920.0 99.84977426483273 100.50500549659968
7940.0 99.8502570666185 100.49717921835452
7960.0 99.85604998188748 100.49333273210877
7980.0 99.86114193565179 100.49641875892043
8000.0 99.86024484957434 100.50224625635346
8020.0 99.85422337101225 100.50371640150911
8040.0 99.84922182079069 100.49832440453098
8060.0 99.8503502754477 100.49057729609228
8080.0 99.85643223136735 100.48734532663283
8100.0 99.86120725218386 100.49101956250965
8120.0 99.85974119976254 100.4968608996172
8140.0 99.85348895894681 100.49782889686566
8160.0 99.84882074489603 100.49200696663728
8180.0 99.85048576223036 100.48438897241238
8200.0 99.85673765418866 100.48176845283497
8220.0 99.86112062554814 100.48595963959508
8240.0 99.85907408067563 100.49172125378344
8260.0 99.85260834911719 100.49214293698684
8280.0 99.84826174385435 100.48591012619171
8300.0 99.85039408237489 100.47844179235214
8320.0 99.85672204100233 100.4763773618375
8340.0 99.86066476588849 100.48093860051836
8360.0 99.85807653526578 100.48646004290158
8380.0 99.85149454625541 100.486258742929
8400.0 99.84754921145172 100.47963429438825
8420.0 99.85015811487462 100.4723550283536
8440.0 99.85652386618595 100.47082014990053
8460.0 99.86001581813909 100.47564356979692
8480.0 99.85695705884889 100.4808122361723
8500.0 99.85039152045023 100.47995780877507
8520.0 99.84696550139711 100.47300273247468
8540.0 99.85009682098949 100.46600238113218
8560.0 99.85648687264624 100.46504597720472
8580.0 99.85951768033863 100.47012311769177
8600.0 99.85603027278167 100.47492411930644
8620.0 99.84956465599433 100.47345205136479
8640.0 99.84672615150816 100.46625741117694
8660.0 99.85038983068263 100.45964569501285
8680.0 99.85676301664712 100.45935309710345
8700.0 99.85928303987806 100.46473074513722
8720.0 99.85534317373641 100.46919749096334
8740.0 99.8489726687956 100.46715580891336
8760.0 99.84670084404321 100.459784620649
8780.0 99.85083863733357 100.45362044846225
8800.0 99.85711241980377 100.45402392635661
8820.0 99.85904719730352 100.45970179787912
8840.0 99.8546052928012 100.46382142053838
8860.0 99.84828888622263 100.46120406764
8880.0 99.84652463441549 100.45365202947545
8900.0 99.85105664745124 100.44791139402624
8920.0 99.85715958061587 100.44894841180508
8940.0 99.85847978996064 100.4548340829684
8960.0 99.85354843190109 100.4585251303417
8980.0 99.84730387909075 100.45529041580598
9000.0 99.84603429879671 100.44753794888626
9020.0 99.85092110128804 100.44217858041183
9040.0 99.85683289544029 100.44375418493497
9060.0 99.85758039345588 100.44972364082537
9080.0 99.85225619289689 100.45290116119449
9100.0 99.84618024255282 100.44904254087848
9120.0 99.8454504926446 100.44112848578006
9140.0 99.8506875647171 100.43616485142678
9160.0 99.85641027452765 100.43822641929147
9180.0 99.85664866471942 100.44419314579187
9200.0 99.85105491601733 100.44682135123183
9220.0 99.84527099862811 100.44239696076103
9240.0 99.84514157344596 100.43443296135814
9260.0 99.85071970839293 100.42995198899075
9280.0 99.85622932992419 100.43251583691998
9300.0 99.8559817095513 100.4384583740504
9320.0 99.8501979088461 100.44055746871186
9340.0 99.84478826411241 100.4356659131769
9360.0 99.84527916098776 100.4277928632951
9380.0 99.85114288334185 100.42391077638604
9400.0 99.85635614816869 100.42702719797995
9420.0 99.85557171660402 100.43295237343146
9440.0 99.84959455795392 100.43454515097488
9460.0 99.84456066788933 100.42925319527217
9480.0 99.84562554141858 100.42155788475739
9500.0 99.85167271244313 100.418333728138
9520.0 99.85647214921522 100.42200174973654
9540.0 99.85506559309252 100.42786493568556
9560.0 99.84885109129102 100.42890887084171
9580.0 99.84415731189975 100.42319779155602
9600.0 99.84573571328312 100.4156677302967
9620.0 99.85188416559507 100.4130604124002
9640.0 99.85620085263619 100.41719197024244
9660.0 99.85414655011942 100.42288281452001
9680.0 99.84770639853018 100.42328874909172
9700.0 99.8433682825001 100.41710254492746
9720.0 99.84545736263273 100.40968917776812
9740.0 99.8516997419328 100.40762497011603
9760.0 99.8555583972317 100.41211618940837
9780.0 99.85293187418065 100.41753956983483
9800.0 99.8463685878476 100.41726608625483
9820.0 99.84246974569204 100.41061585763173
9840.0 99.84511130148563 100.40334104638166
9860.0 99.85147224917438 100.40181194591356
9880.0 99.8549286276867 100.40662380254925
9900.0 99.85183599707081 100.41175861798239
9920.0 99.84527099366439 100.41085200615127
9940.0 99.84188884309026 100.40384375968077
9960.0 99.84508942067005 100.39681835373177
9980.0 99.85153809946351 100.39588641728116
10000.0 99.85458587629512 100.40102681956355
10020.0 99.85107310229704 100.40588355241665
10040.0 99.84457007415568 100.40441551996311
10060.0 99.84172156496395 100.39717703231726
10080.0 99.84542064005177 100.39052474792658
10100.0 99.85185336992431 100.39024734428182
10120.0 99.85441219462408 100.39569995905708
10140.0 99.85045772207361 100.40025035634872
10160.0 99.84402625013416 100.39824394001943
10180.0 99.84169031405656 100.39084724894481
10200.0 99.84580393721293 100.38463190658145
10220.0 99.85210286832779 100.38500571587932
10240.0 99.85408169281534 100.39069632623173
10260.0 99.84965591735737 100.39485536013878
10280.0 99.84330502974493 100.39227084388688
10300.0 99.84147565039284 100.38471774909546
10320.0 99.8459556955542 100.37893447068701
10340.0 99.85205510598448 100.37990319154062
10360.0 99.85341953960085 100.38572847931007
10380.0 99.84854337434447 100.38939864323858
10400.0 99.8423248051103 100.3861848175863
10420.0 99.84103975241158 100.37846042613405
10440.0 99.84589284692163 100.37309191292807
10460.0 99.85179342692075 100.37460694003917
10480.0 99.85257671171365 100.38049880135488
10500.0 99.84732464854856 100.3836366629103
10520.0 99.84132161873855 100.37979937580249
10540.0 99.84063289669508 100.3719402434538
10560.0 99.84587409456809 100.3670172045519
10580.0 99.85158720396885 100.36908065581044
10600.0 99.85183294165827 100.37502864735514
10620.0 99.8462782062136 100.37765413883093
10640.0 99.84055162690665 100.37326226273954
10660.0 99.84046838571307 100.3653594535517
10680.0 99.84605904694813 100.36095011468119
10700.0 99.85154428207713 100.3635806645889
10720.0 99.85125234608869 100.3695758579202
10740.0 99.84542913262683 100.3717074699325
10760.0 99.83999842857313 100.36683077164463
10780.0 99.84048223046564 100.35897204951253
10800.0 99.84633443596749 100.35512416627788
10820.0 99.8515097158927 100.3582971136704
10840.0 99.85065294084215 100.36427512455496
10860.0 99.84458392587962 100.36588000308186
10880.0 99.8394678652479 100.36054730138213
10900.0 99.8404849499067 100.35278454300503
10920.0 99.84651906432691 100.34950696866655
10940.0 99.85131484819084 100.35315570330842
10960.0 99.84988414657188 100.35901570200143
10980.0 99.84361666479883 100.3600346429711
11000.0 99.83886459216913 100.35425541633317
11020.0 99.84041636286874 100.34662561557109
11040.0 99.84658945866452 100.3439198222342
11060.0 99.85096935136606 100.34798374098688
11080.0 99.84898094620763 100.35364426485899
11100.0 99.84257949773423 100.35403977029446
11120.0 99.83825385158403 100.34783712264296
11140.0 99.84035657527426 100.34038576465814
11160.0 99.84664394964544 100.33826865601442
11180.0 99.85058776783879 100.34271808422955
11200.0 99.84806414544603 100.3481385930003
11220.0 99.84158561793635 100.34790801546617
11240.0 99.83773226989842 100.34132408641723
11260.0 99.84038709054269 100.3341048729728
11280.0 99.84675708536966 100.33260245518953
11300.0 99.85024336917913 100.33742489082657
11320.0 99.84720192437247 100.34258732032048
11340.0 99.84068619991223 100.3417468161172
11360.0 99.83732368888089 100.33483261813336
11380.0 99.840503924469 100.32789767487247
11400.0 99.84690588561658 100.32702641866591
11420.0 99.8499051440844 100.33219697750667
11440.0 99.84635918434593 100.33707417361958
11460.0 99.83983675374921 100.33563602875613
11480.0 99.83696611247804 100.328439228285
11500.0 99.84062459729725 100.32182915389525
11520.0 99.8469939012929 100.32158052622742
11540.0 99.8494751082814 100.32704103946332
11560.0 99.84544618681042 100.33157750876312
11580.0 99.83895805927598 100.32953827494973
11600.0 99.83658712599136 100.32209873847818
11620.0 99.84068040404813 100.31584341491902
11640.0 99.84695892907914 100.3161886660524
11660.0 99.84890521287988 100.32185746955848
11680.0 99.84443661794174 100.32598290657451
11700.0 99.8380486682864 100.32333703265235
11720.0 99.83620831971524 100.31570023048198
11740.0 99.84071239589743 100.30983639888419
11760.0 99.84685862809818 100.31075375333747
11780.0 99.84826750673592 100.31656102627493
11800.0 99.84341493145386 100.32022414524867
11820.0 99.83720312631081 100.31698727741255
11840.0 99.83593176501395 100.3092176926787
11860.0 99.84082754477991 100.3038009001301
11880.0 99.84680063357085 100.30529236472846
11900.0 99.84766346278565 100.3111987578241
11920.0 99.8424684332942 100.31437806588467
11940.0 99.8364883737105 100.31058451313464
11960.0 99.83580288104778 100.30275284438083
11980.0 99.84105341301367 100.29784045222709
12000.0 99.84679833536788 100.29991340593624
12020.0 99.84709107808766 100.30588934173326
12040.0 99.84157328837875 100.30856940210249
12060.0 99.8358525229177 100.30424733784653
12080.0 99.83574332823153 100.29640595780893
12100.0 99.8412954273965 100.29203089230754
12120.0 99.84675328970509 100.29466924475399
12140.0 99.84645424547844 100.30066650279214
12160.0 99.84063274816621 100.30281700234976
12180.0 99.83519242477287 100.29797878594779
12200.0 99.83564366250445 100.2901592078431
12220.0 99.84144661268141 100.28632786920225
12240.0 99.84657351142583 100.28948767619848
12260.0 99.84568392954287 100.29543770289287
12280.0 99.8395999155341 100.29702035900726
12300.0 99.83447684419332 100.29167867306353
12320.0 99.83548313231965 100.28391260488071
12340.0 99.84149768551764 100.28062578693212
12360.0 99.84626761329318 100.28425483594206
12380.0 99.84481265097365 100.29008784333418
12400.0 99.83853113288986 100.29107555499603
12420.0 99.833779295965 100.28526245225022
12440.0 99.83534395858068 100.27760102889789
12460.0 99.8415349571349 100.27487402662449
12480.0 99.84592680654406 100.278931602691
12500.0 99.84393865046512 100.2845927322092
12520.0 99.83753065871812 100.28497895404968
12540.0 99.83320478690408 100.27874904128565
12560.0 99.83532546591272 100.27126396446687
12580.0 99.84164817469322 100.26912890841031
12600.0 99.84562943030237 100.273589056076
12620.0 99.8431272482812 100.27903831506445
12640.0 99.83664826965672 100.278829529882
12660.0 99.83278516356337 100.27224519266765
12680.0 99.83544143978978 100.26501049589588
12700.0 99.84183447187398 100.26349877572063
12720.0 99.84535629423776 100.26833468789359
12740.0 99.84234084664344 100.27353137105203
12760.0 99.83582536417019 100.27272851893737
12780.0 99.83244153153863 100.2658376846702
12800.0 99.83559866952712 100.25890594754208
12820.0 99.84199472379701 100.25802607641597
12840.0 99.84500795112956 100.26319222065302
12860.0 99.84147972872942 100.26808155760042
12880.0 99.83495892833925 100.2666704842698
12900.0 99.83206748845913 100.25950012225346
12920.0 99.8356941361046 100.25289810836851
12940.0 99.84204007607764 100.25263371644425
12960.0 99.84451782588422 100.2580678431658
12980.0 99.84049979656119 100.26258892005121
13000.0 99.83402120830773 100.26055484509394
13020.0 99.83164639548404 100.25313021178434
13040.0 99.8357234480254 100.24687992052215
13060.0 99.84198506952247 100.24721032175216
13080.0 99.8439251077554 100.2528531898917
13100.0 99.83946367523454 100.25695907440677
13120.0 99.8330897807279 100.25430822300288
13140.0 99.83126110579475 100.24667561519338
13160.0 99.83576995563405 100.24081556684662
13180.0 99.84191498367741 100.24173254184981
13200.0 99.84332034763793 100.24753847817149
13220.0 99.83846623937056 100.25120142516701
13240.0 99.83225735689433 100.24796301638645
13260.0 99.83099378715866 100.24018986016587
13280.0 99.83590032855435 100.23477303782224
13300.0 99.84188143124325 100.23627517546508
13320.0 99.84274301012412 100.24220211863893
13340.0 99.83753598227686 100.2453992722803
13360.0 99.83153949150164 100.24160793421727
13380.0 99.83084413822019 100.23376393889475
13400.0 99.83609793823064 100.22883958626751
13420.0 99.84185394181709 100.23091599847214
13440.0 99.84215179573927 100.23691116932496
13460.0 99.83662250662987 100.23961048535028
13480.0 99.83087701229758 100.23529088493784
13500.0 99.83074576464422 100.22743247677072
13520.0 99.83629308086797 100.22303322749066
13540.0 99.84176413155903 100.22565660815933
13560.0 99.841481837277 100.2316553615347
13580.0 99.83566349099931 100.23381666201757
13600.0 99.8302088041618 100.22898385788086
13620.0 99.83064064401768 100.22115396044852
13640.0 99.83643672484192 100.21729805309528
13660.0 99.84157740261404 100.22043170500893
13680.0 99.84071369011711 100.22636887414212
13700.0 99.83465010603959 100.22795674780203
13720.0 99.8295312913838 100.22262841086821
13740.0 99.83052988218473 100.21486775448594
13760.0 99.83653937391938 100.21157008692263
13780.0 99.841318962627 100.2151793189305
13800.0 99.83988741656194 100.22100078659467
13820.0 99.83363080799265 100.22199597580025
13840.0 99.82889300505049 100.21620371690838
13860.0 99.83045831775746 100.20856140542585
13880.0 99.83664459020505 100.20584149684345
13900.0 99.84103616369498 100.20989740703841
13920.0 99.83905543275968 100.2155601775716
13940.0 99.83265783174198 100.21595848910306
13960.0 99.82833786786543 100.20974761684708
13980.0 99.83045670103897 100.20228076946286
14000.0 99.83677160869017 100.20015928667435
14020.0 99.8407421315069 100.2046304546941
14040.0 99.8382280456502 100.21009097517046
14060.0 99.831736698019 100.20989143777689
14080.0 99.82786173757427 100.2033106466426
14100.0 99.83050851372089 100.1960750997199
14120.0 99.83689390613272 100.19456409179112
14140.0 99.84040571046154 100.19940647942113
14160.0 99.83737351233165 100.20461124320207
14180.0 99.8308353745457 100.20380749692104
14200.0 99.82743050291933 100.19690121098783
14220.0 99.83057731980529 100.18994545184134
14240.0 99.83697558858998 100.18904571795103
14260.0 99.83999541860886 100.19420451317606
14280.0 99.83646658443105 100.19909456553248
14300.0 99.82993398870657 100.19767892875093
14320.0 99.82702812206654 100.19048965384196
14340.0 99.83065166565707 100.18385784940936
14360.0 99.83701254950981 100.18356589566254
14380.0 99.83951620007018 100.18898695343361
14400.0 99.83551962087269 100.19351031333932
14420.0 99.82904799952742 100.19148292906321
14440.0 99.82667011514314 100.18405685843548
14460.0 99.8307481607408 100.17779342532265
14480.0 99.83702589128366 100.17810720016202
14500.0 99.83899512075432 100.18374359935413
14520.0 99.83456211008989 100.18786042949856
14540.0 99.82820283023146 100.18523193479975
14560.0 99.8263737790678 100.17761940741634
14580.0 99.83087769368574 100.17176765113896
14600.0 99.83702547392261 100.17268350765612
14620.0 99.83844424896235 100.17849104603401
14640.0 99.83360583924176 100.18216847811416
14660.0 99.82740365893211 100.17895550559473
14680.0 99.82613358562216 100.17120739410056
14700.0 99.83102608972942 100.16580524001888
14720.0 99.83699491590299 100.16731132562089
14740.0 99.8378503348978 100.17324021137013
14760.0 99.83264021835922 100.17644503582925
14780.0 99.82663757575162 100.17266595936675
14800.0 99.82593027523245 100.16483198661751
14820.0 99.83116901183023 100.15991062355468
14840.0 99.83691069904206 100.16198448316358
14860.0 99.83719599080678 100.16797671440793
14880.0 99.83165464157152 100.1706740002435
14900.0 99.82589688200827 100.16634939642397
14920.0 99.82575534664562 100.158480204736
14940.0 99.83129737584578 100.15406704834496
14960.0 99.83676717781486 100.1566796058866
14980.0 99.83648273339101 100.16267367942423
15000.0 99.83065758392038 100.1648311754052
15020.0 99.82519359167425 100.15998712925571
15040.0 99.82562122194292 100.15213698363331
15060.0 99.83142423934274 100.14825962515404
15080.0 99.83658045207079 100.15138129911608
15100.0 99.8357310021832 100.15731935968815
15120.0 99.82967195076135 100.1589126266886
15140.0 99.82454932111888 100.15358232534918
15160.0 99.82554624175899 100.14580881369287
15180.0 99.83156600921629 100.14249530980108
15200.0 99.83636747008907 100.14609811203368
15220.0 99.83495826804348 100.15192831498722
15240.0 99.82871231340467 100.15294075973625
15260.0 99.82397162694002 100.14716161379866
15280.0 99.82553027334757 100.13952108300104
15300.0 99.83171836588973 100.13679528063498
15320.0 99.8361238347554 100.14084876381085
15340.0 99.83416046204368 100.14652140172853
15360.0 99.82777093848127 100.14694000702114
15380.0 99.82344480563171 100.14074907334833
15400.0 99.82554992692369 100.13329177819604
15420.0 99.83185541229237 100.1311682520185
15440.0 99.8358269534346 100.13563444323448
15460.0 99.83331966569617 100.1410976720868
15480.0 99.82683071204465 100.14091057836299
15500.0 99.8229479920405 100.13434395749184
15520.0 99.82558031309351 100.12711441559927
15540.0 99.83195331254146 100.12559842499253
15560.0 99.83546011424458 100.13043159923942
15580.0 99.83242813757954 100.13563211655587
15600.0 99.82588920447212 100.13483092884
15620.0 99.82247883062576 100.12792782863905
15640.0 99.82561778089247 100.12096954798446
15660.0 99.83201059727962 100.12006150687813
15680.0 99.8350289159282 100.12521235983687
15700.0 99.83149995183896 100.13009936900981
15720.0 99.82496539711134 100.1286829368643
15740.0 99.82205612824062 100.12148940847476
15760.0 99.82567881542384 100.11484865492126
15780.0 99.83204378029767 100.11454820993951
15800.0 99.83455355497009 100.11996759363369
15820.0 99.83055952593335 100.12449555261676
15840.0 99.82408448898065 100.12247101484652
15860.0 99.82170155633683 100.11503963022196
15880.0 99.8257803948651 100.10876510665706
15900.0 99.83206744875972 100.10907127504845
15920.0 99.83404879627945 100.11471098007146
15940.0 99.82962138656885 100.1188392538595
15960.0 99.82325733266411 100.11621951495894
15980.0 99.82141921288702 100.10860520994966
16000.0 99.82592037481027 100.10274345937293
16020.0 99.83207666777714 100.10365120831354
16040.0 99.83350947209448 100.10946152578343
16060.0 99.82867902162457 100.11315170344754
16080.0 99.82247239964049 100.10995139124809
16100.0 99.82119054134932 100.10220631992284
16120.0 99.82607548266786 100.09679664873944
16140.0 99.83204840311997 100.0982928328881
16160.0 99.83291595248052 100.10421983419225
16180.0 99.827714719736 100.10743375613858
16200.0 99.82170970346587 100.10366741955869
16220.0 99.82099131650261 100.09583937041538
16240.0 99.8262204276765 100.09091276048015
16260.0 99.83196217827084 100.09297572499975
16280.0 99.83225594940802 100.0989621323042
16300.0 99.82672256150204 100.10166405445833
16320.0 99.82096463079122 100.09734939285376
16340.0 99.82081546217124 100.0894856887206
16360.0 99.82634994732052 100.08506859207912
16380.0 99.83181886683978 100.08767210977226
16400.0 99.83153964809696 100.09366129162134
16420.0 99.82571961736592 100.0958220938303
16440.0 99.82025545037223 100.09098458819506
16460.0 99.8206785839593 100.08313683013131
16480.0 99.8264781682781 100.07925564975626
16500.0 99.83163537776265 100.0823724224038
16520.0 99.83078927015735 100.08831089453548
16540.0 99.82473113484188 100.08990951610419
16560.0 99.81960505932798 100.08458306159754
16580.0 99.82059761746544 100.07680744457242
16600.0 99.82661704165227 100.07348838410242
16620.0 99.8314225807892 100.07708925551925
16640.0 99.83001678782361 100.08292494435949
16660.0 99.8237683326915 100.08394534588587
16680.0 99.8190196894408 100.07816833260598
16700.0 99.82057164692498 100.07052145893078
16720.0 99.82676054666456 100.06778664815788
16740.0 99.83117331040916 100.07183742514273
16760.0 99.82921583566477 100.07751670481663
16780.0 99.82282361466258 100.07794450465313
16800.0 99.81848726790861 100.0717556216063
16820.0 99.82058353915984 100.06429020401767
16840.0 99.82688972367552 100.06215459286375
16860.0 99.83087100625427 100.06661476730629
16880.0 99.8283733354016 100.07208254636859
16900.0 99.82188477412394 100.07190483490415
16920.0 99.81799315872931 100.06534225248761
16940.0 99.82061635361383 100.05810633211354
16960.0 99.82698948063212 100.05657780233898
16980.0 99.83050660489344 100.06140250384031
17000.0 99.82748667023367 100.06660533311054
17020.0 99.82095171897954 100.0658137214945
17040.0 99.81753568206966 100.05891755792419
17060.0 99.82066687152553 100.0519567013656
17080.0 99.8270591129156 100.05103886082442
17100.0 99.83008610650484 100.05618216680905
17120.0 99.82656826700455 100.06107151856575
17140.0 99.82003856426927 100.05966505701474
17160.0 99.81712569773696 100.05248009307522
17180.0 99.82074219528542 100.04583986288912
17200.0 99.8271059493251 100.04553369053683
17220.0 99.82962122407655 100.05094943543806
17240.0 99.82563398844786 100.0554818792916
17260.0 99.81916053359765 100.05346701080289
17280.0 99.8167729270904 100.04604262327358
17300.0 99.82084601169116 100.03976814410886
17320.0 99.827131621947 100.04007071517596
17340.0 99.8291156195102 100.0457104271084
17360.0 99.82468977397711 100.04984505232062
17380.0 99.81832184833257 100.04723285621056
17400.0 99.81647591266278 100.03962052255567
17420.0 99.82097121752625 100.03375415439666
17440.0 99.82712736899968 100.03465650092001
17460.0 99.82856300688181 100.04046732674384
17480.0 99.82373195338974 100.04416370255409
17500.0 99.81751808688989 100.04096785592628
17520.0 99.81622638652516 100.03321918567944
17540.0 99.82110650771722 100.02779911417683
17560.0 99.82708288701838 100.02928596065523
17580.0 99.82795739389924 100.03521180221821
17600.0 99.82275826933773 100.03843132816651
17620.0 99.81674708630754 100.034668605104
17640.0 99.81601970326264 100.02683529010153
17660.0 99.82124610906067 100.02189605673126
17680.0 99.8269952808156 100.02394778354679
17700.0 99.82730107016971 100.02993244585087
17720.0 99.82177450344984 100.03264127064712
17740.0 99.81601376329067 100.02833317859432
17760.0 99.81585743644732 100.02046773110438
17780.0 99.82139014374992 100.0160408784091
17800.0 99.82686742122647 100.01863500908789
17820.0 99.82660173672274 100.02462403690738
17840.0 99.82079047650849 100.02679430629357
17860.0 99.81532512420092 100.02196744497546
17880.0 99.81574141411852 100.01412291782029
17900.0 99.82153774035446 100.01023659865177
17920.0 99.82670038255073 100.01334729275962
17940.0 99.82586447456991 100.01928752494979
17960.0 99.81981251847901 100.0208966321556
17980.0 99.81468369975903 100.01558174678802
18000.0 99.81566819820551 100.0078107867763
18020.0 99.82168222618053 100.00448847053646
18040.0 99.82648934883369 100.00808493894762
18060.0 99.82508867281508 100.01392272277415
18080.0 99.81884164184252 100.01495178624205
18100.0 99.81408737399653 100.00918278995535
18120.0 99.81563047771358 100.00153693438511
18140.0 99.82181402545145 99.99879672741598
18160.0 99.82622742958594 100.0028425452242
18180.0 99.82427242836488 100.0085231964057
18200.0 99.81787845435055 100.00895673253167
18220.0 99.8135348010994 100.00277056781131
18240.0 99.81562326447933 99.9953004633455
18260.0 99.82192725712912 99.99315568191783
18280.0 99.82591233814753 99.99760993533457
18300.0 99.82341870648088 100.00307928578896
18320.0 99.81692844382704 100.00290633659486
18340.0 99.8130297941364 99.9963436171993
18360.0 99.8156473483586 99.98909957847596
18380.0 99.82202242260666 99.9875600261634
18400.0 99.8255481308133 99.99237940679534
18420.0 99.82253583798621 99.9975859994625
18440.0 99.81600096765338 99.99680133567648
18460.0 99.8125786039997 99.98990639887451
18480.0 99.81570514412539 99.98293825370446
18500.0 99.82210128560384 99.98201036830808
18520.0 99.82513941377795 99.987150193048
18540.0 99.82163137829562 99.99204608723164
18560.0 99.81510269594504 99.9906499297878
18580.0 99.81218316603092 99.98346964718101
18600.0 99.81579382383721 99.97682502748145
18620.0 99.8221600716046 99.97651078552394
18640.0 99.82468530129363 99.98192420042088
18660.0 99.82070699405436 99.9864641373956
18680.0 99.81423375661429 99.98446094310236
18700.0 99.81183835229146 99.97704309901032
18720.0 99.81590372310717 99.97076595348858
18740.0 99.82218916738415 99.97106124557175
18760.0 99.8241800864315 99.9766981877818
18780.0 99.81976056365146 99.98083893644342
18800.0 99.81339134490605 99.9782367591876
18820.0 99.81153711227557 99.97062962593493
18840.0 99.8160244578427 99.96475977440006
18860.0 99.82217949072144 99.9656543661842
18880.0 99.82362007939437 99.97146170941446
18900.0 99.8187931612184 99.97516248316839
18920.0 99.81257690137484 99.97197371560837
18940.0 99.81127762827255 99.96422697757976
18960.0 99.81615177034212 99.95880123084135
18980.0 99.82212877116739 99.96028000652265
19000.0 99.82300854311922 99.96620316172417
19020.0 99.81781265707882 99.96942711242136
19040.0 99.81179839415131 99.9656696176504
19060.0 99.81106440445116 99.95783538252299
19080.0 99.81628752354334 99.95288862167092
19100.0 99.82204035363549 99.95493288504295
19120.0 99.82235317742901 99.96091720556655
19140.0 99.8168297948251 99.96363235776249
19160.0 99.81106514522772 99.95932956188251
19180.0 99.81090223175364 99.95146199335232
19200.0 99.81643318935748 99.94702686710559
19220.0 99.82191641099182 99.94961448945399
19240.0 99.82165934465897 99.95560551771617
19260.0 99.8158513217822 99.957784377071
19280.0 99.81038099583903 99.95296400401277
19300.0 99.81078961113596 99.94511757354651
19320.0 99.81658393422296 99.94122295129863
19340.0 99.8217530522929 99.94432742685063
19360.0 99.82092632295176 99.950270407643
19380.0 99.81487752407375 99.95188905810068
19400.0 99.809742939518 99.94658158228235
19420.0 99.81071865301948 99.93880934664179
19440.0 99.81672970640778 99.93547873683495
19460.0 99.821542630212 99.93906845153626
19480.0 99.82015079210566 99.94490817677452
19500.0 99.81390679402213 99.94594620063539
19520.0 99.80914677710263 99.940184539451
19540.0 99.81068105108915 99.93253760587633
19560.0 99.8168612840262 99.92978913732483
19580.0 99.8212797908734 99.93382779575889
19600.0 99.8193328278845 99.9395095859978
19620.0 99.81294160349819 99.93995107030779
19640.0 99.8085927692355 99.93377133795744
19660.0 99.81067353930847 99.92629975768487
19680.0 99.8169750861959 99.92414705873415
19700.0 99.82096519091107 99.92859498537182
19720.0 99.81847866340522 99.93406606837371
19740.0 99.81199029037745 99.93390065855664
19760.0 99.8080866076483 99.92734315777317
19780.0 99.81069774553073 99.92009675180547
19800.0 99.81707184568207 99.9185498015113
19820.0 99.8206030100481 99.92336475458329
19840.0 99.817596797502 99.92857492959773
19860.0 99.8110621677511 99.92779804005815
19880.0 99.80763388061943 99.92090700300702
19900.0 99.81075453430374 99.91393506818942
19920.0 99.81715101347478 99.91299986917026
19940.0 99.82019527533342 99.91813695330183
19960.0 99.8166925241356 99.92303816939553
19980.0 99.81016226328981 99.92165003287667
20000.0 99.80723532060482 99.91447230724431
