#             steps         distance_1         distance_2         distance_3         distance_4         distance_5         distance_6         distance_7 
#                <>                 <>                 <>                 <>                 <>                 <>                 <>                 <> 
                 0 5.099231934098e+00 5.099231934098e+00 5.099231934098e+00 5.099231934098e+00 5.099231934098e+00 5.099231934098e+00 5.099231934098e+00 
                10 5.138850080197e+00 5.160546855498e+00 5.181991976015e+00 5.164199206412e+00 5.147410249721e+00 5.148942083314e+00 5.135271837576e+00 
                20 5.331072833070e+00 5.369926733032e+00 5.424982333061e+00 5.416171162853e+00 5.365701591352e+00 5.320990203267e+00 5.289751257172e+00 
                30 5.577092351766e+00 5.599718991349e+00 5.622068584594e+00 5.609760879313e+00 5.579273751538e+00 5.548515854903e+00 5.526632623458e+00 
                40 5.758753013882e+00 5.765690150705e+00 5.761351737492e+00 5.755097117234e+00 5.746181906278e+00 5.738119061351e+00 5.731137830318e+00 
                50 5.851492903963e+00 5.853169646712e+00 5.843679296513e+00 5.841426245702e+00 5.840751948993e+00 5.841353190487e+00 5.841144991935e+00 
                60 5.902397166731e+00 5.902489553693e+00 5.894105058774e+00 5.892138524915e+00 5.892597855687e+00 5.894406015415e+00 5.896035189293e+00 
                70 5.934558280697e+00 5.934005950000e+00 5.927302994828e+00 5.925054033164e+00 5.925054858940e+00 5.926203697318e+00 5.927991518037e+00 
                80 5.955772258955e+00 5.954941304341e+00 5.949600999812e+00 5.947336171353e+00 5.946793574666e+00 5.947225143616e+00 5.948643439793e+00 
                90 5.970186891788e+00 5.969255763518e+00 5.964971178303e+00 5.962885307870e+00 5.962018778858e+00 5.961921568401e+00 5.962890231626e+00 
               100 5.980235638109e+00 5.979296743800e+00 5.975851930216e+00 5.974010978712e+00 5.973028625743e+00 5.972550715262e+00 5.973131381944e+00 
               110 5.987292289560e+00 5.986391266839e+00 5.983632670590e+00 5.982027773421e+00 5.981091798622e+00 5.980320438475e+00 5.980621673483e+00 
               120 5.992138281247e+00 5.991319516343e+00 5.989073826670e+00 5.987742947062e+00 5.986829126252e+00 5.985967090031e+00 5.986012824696e+00 
               130 5.995662830595e+00 5.994913948100e+00 5.993140833147e+00 5.991984770984e+00 5.991267264687e+00 5.990228670779e+00 5.990180376732e+00 
               140 5.998172751863e+00 5.997534390314e+00 5.996084486066e+00 5.995195630410e+00 5.994489164600e+00 5.993537618064e+00 5.993317278265e+00 
               150 6.000153384321e+00 5.999592062336e+00 5.998479830553e+00 5.997732206428e+00 5.997223566492e+00 5.996185427220e+00 5.995957208961e+00 
               160 6.001758782160e+00 6.001297064107e+00 6.000430170640e+00 5.999886617756e+00 5.999432620415e+00 5.998473255297e+00 5.998172047492e+00 
               170 6.003180017906e+00 6.002825223656e+00 6.002146999846e+00 6.001830150156e+00 6.001355894959e+00 6.000551644428e+00 6.000151506947e+00 
               180 6.004614174376e+00 6.004339271200e+00 6.003874845835e+00 6.003698529206e+00 6.003325500901e+00 6.002532742837e+00 6.002133762841e+00 
               190 6.006127093506e+00 6.005923627608e+00 6.005662839620e+00 6.005604064181e+00 6.005345292519e+00 6.004531338876e+00 6.004156159496e+00 
               200 6.007752251058e+00 6.007638569137e+00 6.007522710767e+00 6.007645985701e+00 6.007368269901e+00 6.006656860396e+00 6.006224379179e+00 
               210 6.009609308744e+00 6.009574080683e+00 6.009611855537e+00 6.009885567734e+00 6.009628485059e+00 6.008954559808e+00 6.008497893241e+00 
               220 6.011785598330e+00 6.011820647432e+00 6.012023349945e+00 6.012424436191e+00 6.012221160123e+00 6.011526187813e+00 6.011071386296e+00 
               230 6.014272766466e+00 6.014383314931e+00 6.014735382571e+00 6.015284655117e+00 6.015093322263e+00 6.014400504143e+00 6.013920981583e+00 
               240 6.017155969025e+00 6.017341755461e+00 6.017846002850e+00 6.018544826112e+00 6.018364047212e+00 6.017652835861e+00 6.017147992653e+00 
               250 6.020508874251e+00 6.020767937748e+00 6.021435947956e+00 6.022279060725e+00 6.022124022732e+00 6.021355527683e+00 6.020835126575e+00 
               260 6.024398730568e+00 6.024723403530e+00 6.025581127698e+00 6.026544521365e+00 6.026465754375e+00 6.025561504735e+00 6.025059327759e+00 
               270 6.028824197663e+00 6.029221876473e+00 6.030268230595e+00 6.031374687814e+00 6.031345039615e+00 6.030313698392e+00 6.029809469204e+00 
               280 6.033773830300e+00 6.034280025502e+00 6.035464274824e+00 6.036822603428e+00 6.036671638975e+00 6.035684082686e+00 6.035056402389e+00 
               290 6.039473492390e+00 6.040071107615e+00 6.041448080634e+00 6.043002015420e+00 6.042845387199e+00 6.041749668973e+00 6.041077233621e+00 
               300 6.045867635945e+00 6.046574103399e+00 6.048133736330e+00 6.049932912958e+00 6.049705938997e+00 6.048554469407e+00 6.047789067296e+00 
               310 6.053035416237e+00 6.053859977259e+00 6.055609692055e+00 6.057677781213e+00 6.057361446100e+00 6.056155056028e+00 6.055280747295e+00 
               320 6.061135484679e+00 6.062081159649e+00 6.064045805769e+00 6.066385884869e+00 6.066001301569e+00 6.064692882797e+00 6.063722387149e+00 
               330 6.070321731288e+00 6.071392310238e+00 6.073600224122e+00 6.076216640804e+00 6.075787112622e+00 6.074324113194e+00 6.073272445427e+00 
               340 6.080654049368e+00 6.081849896905e+00 6.084334308391e+00 6.087221804987e+00 6.086786062203e+00 6.085097006607e+00 6.083992514277e+00 
               350 6.092085249340e+00 6.093418747051e+00 6.096185808828e+00 6.099375027890e+00 6.098904805981e+00 6.096998159481e+00 6.095821310342e+00 
               360 6.104569076257e+00 6.106073995959e+00 6.109086963460e+00 6.112669291466e+00 6.112024426056e+00 6.110045623297e+00 6.108691344132e+00 
               370 6.118266169830e+00 6.119947341428e+00 6.123221234252e+00 6.127203473467e+00 6.126388731847e+00 6.124313198809e+00 6.122785788266e+00 
               380 6.133501568016e+00 6.135358471548e+00 6.138923886856e+00 6.143295528750e+00 6.142351246543e+00 6.140107810621e+00 6.138440154476e+00 
               390 6.143940418386e+00 6.145047027844e+00 6.146708836292e+00 6.147055192053e+00 6.149190049037e+00 6.149004249585e+00 6.148182774440e+00 
               400 6.152496560012e+00 6.153682748037e+00 6.155498298431e+00 6.156110356175e+00 6.158139694143e+00 6.157855183465e+00 6.156921055483e+00 
               410 6.161795562713e+00 6.163124286848e+00 6.165167784791e+00 6.166072059532e+00 6.167999033474e+00 6.167618084257e+00 6.166575924394e+00 
               420 6.172026614467e+00 6.173491302495e+00 6.175770387603e+00 6.176911380958e+00 6.178775542036e+00 6.178217859233e+00 6.177112673621e+00 
               430 6.183211189920e+00 6.184805758011e+00 6.187298926150e+00 6.188660631844e+00 6.190457140947e+00 6.189718272731e+00 6.188556876018e+00 
               440 6.195640862082e+00 6.197372055601e+00 6.200040694259e+00 6.201650115176e+00 6.203324538927e+00 6.202469035514e+00 6.201220067253e+00 
               450 6.209144867315e+00 6.211009943668e+00 6.213820090179e+00 6.215683621600e+00 6.217211320494e+00 6.216284239491e+00 6.214938981644e+00 
               460 6.223509061833e+00 6.225496531890e+00 6.228419637590e+00 6.230522009569e+00 6.231905153698e+00 6.230930430811e+00 6.229499903087e+00 
               470 6.238271646186e+00 6.240338951000e+00 6.243390257388e+00 6.245630876290e+00 6.246993235175e+00 6.245869082661e+00 6.244447968059e+00 
               480 6.254179982298e+00 6.256338643948e+00 6.259450770249e+00 6.261877786295e+00 6.263119630736e+00 6.261980603741e+00 6.260509468859e+00 
               490 6.270629546609e+00 6.272864814241e+00 6.276003957053e+00 6.278595769153e+00 6.279715194376e+00 6.278593494609e+00 6.277080849477e+00 
               500 6.287444240252e+00 6.289736122575e+00 6.292876915130e+00 6.295598018369e+00 6.296611755949e+00 6.295517594270e+00 6.293984033057e+00 
               510 6.304512017098e+00 6.306833219787e+00 6.309964770295e+00 6.312758893230e+00 6.313714274583e+00 6.312621837390e+00 6.311107847279e+00 
               520 6.321732435619e+00 6.324058409247e+00 6.327167962971e+00 6.329985639955e+00 6.330920120805e+00 6.329810806139e+00 6.328348943454e+00 
               530 6.339181793850e+00 6.341511298697e+00 6.344546962864e+00 6.347406890336e+00 6.348256539890e+00 6.347216196528e+00 6.345770575411e+00 
               540 6.356343305889e+00 6.358631530538e+00 6.361623902858e+00 6.364420949196e+00 6.365309243348e+00 6.364219294390e+00 6.362878197144e+00 
               550 6.373760229002e+00 6.376021606777e+00 6.378897339723e+00 6.381692577799e+00 6.382496607329e+00 6.381499060021e+00 6.380185232951e+00 
               560 6.390542682207e+00 6.392734703107e+00 6.395531966658e+00 6.398227036474e+00 6.399066552463e+00 6.398039399741e+00 6.396835823277e+00 
               570 6.407530948253e+00 6.409666104247e+00 6.412321727680e+00 6.414970595419e+00 6.415738617461e+00 6.414801225784e+00 6.413639557589e+00 
               580 6.424131755893e+00 6.426199825937e+00 6.428700884133e+00 6.431293173752e+00 6.431984272073e+00 6.431144136870e+00 6.430021619785e+00 
               590 6.439974866616e+00 6.441940661486e+00 6.444328861146e+00 6.446784044112e+00 6.447502708001e+00 6.446646405954e+00 6.445633044621e+00 
               600 6.455771496591e+00 6.457648538608e+00 6.459872288123e+00 6.462243970885e+00 6.462894149603e+00 6.462123842053e+00 6.461154973722e+00 
               610 6.470761187213e+00 6.472525898415e+00 6.474616494314e+00 6.476853159163e+00 6.477503982633e+00 6.476741591342e+00 6.475861596871e+00 
               620 6.485564705117e+00 6.487222858852e+00 6.489151425633e+00 6.491282950759e+00 6.491880165524e+00 6.491180921976e+00 6.490351729982e+00 
               630 6.499673919326e+00 6.501214453667e+00 6.502995959834e+00 6.505002445001e+00 6.505573449783e+00 6.504903424046e+00 6.504140155597e+00 
               640 6.513407952890e+00 6.514831846988e+00 6.516456287626e+00 6.518350731658e+00 6.518873386086e+00 6.518252350637e+00 6.517537033366e+00 
               650 6.526579341557e+00 6.527882544451e+00 6.529356183040e+00 6.531135504521e+00 6.531615794778e+00 6.531032998371e+00 6.530365809615e+00 
               660 6.539216789277e+00 6.540397071281e+00 6.541725456580e+00 6.543389437459e+00 6.543831132695e+00 6.543278379535e+00 6.542657866282e+00 
               670 6.551469479170e+00 6.552532091680e+00 6.553706029316e+00 6.555275214522e+00 6.555650916627e+00 6.555154516300e+00 6.554557661233e+00 
               680 6.563041860497e+00 6.563978124394e+00 6.565023789020e+00 6.566475821124e+00 6.566827316212e+00 6.566338261896e+00 6.565789339975e+00 
               690 6.574335199768e+00 6.575160606663e+00 6.576052673488e+00 6.577432716183e+00 6.577698095878e+00 6.577281518014e+00 6.576733061391e+00 
               700 6.584966240704e+00 6.585665766750e+00 6.586445410844e+00 6.587711755399e+00 6.587963242129e+00 6.587537421130e+00 6.587035609598e+00 
               710 6.595345887001e+00 6.595948460921e+00 6.596570044109e+00 6.597799570829e+00 6.597930607481e+00 6.597611420184e+00 6.597076327238e+00 
               720 6.605077704984e+00 6.605551259489e+00 6.606088531224e+00 6.607193621603e+00 6.607344510193e+00 6.606975626144e+00 6.606502828106e+00 
               730 6.614577354931e+00 6.614960004366e+00 6.615354198144e+00 6.616431459136e+00 6.616468411057e+00 6.616197129078e+00 6.615686903554e+00 
               740 6.623572362824e+00 6.623838994507e+00 6.624150252250e+00 6.625129536506e+00 6.625166234377e+00 6.624865927604e+00 6.624396072020e+00 
               750 6.632260284796e+00 6.632430113559e+00 6.632636691824e+00 6.633563683211e+00 6.633541783568e+00 6.633277444829e+00 6.632802112184e+00 
               760 6.640570068979e+00 6.640636434774e+00 6.640764605280e+00 6.641616351323e+00 6.641579104953e+00 6.641302855045e+00 6.640849885899e+00 
               770 6.648548518266e+00 6.648512411554e+00 6.648574817396e+00 6.649346689829e+00 6.649310495935e+00 6.649004367866e+00 6.648582681745e+00 
               780 6.656144868541e+00 6.656000679972e+00 6.656023095432e+00 6.656693046522e+00 6.656699775353e+00 6.656317807907e+00 6.655954923372e+00 
               790 6.663665130202e+00 6.663445793410e+00 6.663379053886e+00 6.664027064501e+00 6.663965652404e+00 6.663632956144e+00 6.663245362246e+00 
               800 6.670795902425e+00 6.670489214813e+00 6.670371755056e+00 6.670956688071e+00 6.670897085437e+00 6.670536580763e+00 6.670172762022e+00 
               810 6.677683204035e+00 6.677294717795e+00 6.677130182266e+00 6.677658255072e+00 6.677599003335e+00 6.677213597209e+00 6.676870253107e+00 
               820 6.684399711634e+00 6.683939275900e+00 6.683722107779e+00 6.684211241584e+00 6.684132682877e+00 6.683745817460e+00 6.683406478877e+00 
               830 6.690974225211e+00 6.690454704152e+00 6.690173572920e+00 6.690649348640e+00 6.690520048776e+00 6.690168695576e+00 6.689808213739e+00 
               840 6.697365635206e+00 6.696802283343e+00 6.696442823594e+00 6.696935543592e+00 6.696717302831e+00 6.696446534396e+00 6.696034586752e+00 
               850 6.703511469971e+00 6.702887003614e+00 6.702492754129e+00 6.702949185349e+00 6.702726902218e+00 6.702442153561e+00 6.702040187183e+00 
               860 6.709471268491e+00 6.708784694390e+00 6.708369022497e+00 6.708778708909e+00 6.708573217631e+00 6.708252454513e+00 6.707874570519e+00 
               870 6.715297918720e+00 6.714561006456e+00 6.714113956401e+00 6.714498594124e+00 6.714283069025e+00 6.713958279699e+00 6.713583265122e+00 
               880 6.720812908489e+00 6.719983101115e+00 6.719425424405e+00 6.719451881087e+00 6.719552846547e+00 6.719277858095e+00 6.718995204366e+00 
               890 6.725738556818e+00 6.724825698471e+00 6.724150985930e+00 6.724122777572e+00 6.724189485523e+00 6.724009045790e+00 6.723743213320e+00 
               900 6.730416340881e+00 6.729478800458e+00 6.728754654102e+00 6.728756616801e+00 6.728738245541e+00 6.728622827727e+00 6.728312784513e+00 
               910 6.734923826131e+00 6.733947226516e+00 6.733215972279e+00 6.733195907482e+00 6.733175951746e+00 6.733035868357e+00 6.732739763810e+00 
               920 6.739272880062e+00 6.738246942149e+00 6.737535659324e+00 6.737456815003e+00 6.737491706134e+00 6.737265724749e+00 6.737022801817e+00 
               930 6.743637271961e+00 6.742595241798e+00 6.741850104669e+00 6.741794974403e+00 6.741767741997e+00 6.741586880758e+00 6.741311415608e+00 
               940 6.747829049783e+00 6.746753950000e+00 6.746013295056e+00 6.745928848863e+00 6.745920442202e+00 6.745697323442e+00 6.745446236918e+00 
               950 6.751937488938e+00 6.750835286242e+00 6.750095180141e+00 6.749990876494e+00 6.749990934650e+00 6.749739259120e+00 6.749503801343e+00 
               960 6.756009618488e+00 6.754889723347e+00 6.754139389148e+00 6.754034674828e+00 6.754017914200e+00 6.753767678181e+00 6.753528592816e+00 
               970 6.760049862501e+00 6.758925866831e+00 6.758146786720e+00 6.758072695177e+00 6.757996817496e+00 6.757796749428e+00 6.757522698659e+00 
               980 6.763944942549e+00 6.762799167831e+00 6.762029787108e+00 6.761931949222e+00 6.761878365385e+00 6.761640513012e+00 6.761389146612e+00 
               990 6.767841374464e+00 6.766700780904e+00 6.765897551785e+00 6.765844206040e+00 6.765716100377e+00 6.765549165230e+00 6.765250244952e+00 
              1000 6.771646615677e+00 6.770507409418e+00 6.769682624688e+00 6.769658007381e+00 6.769480220757e+00 6.769358410373e+00 6.769029194731e+00 
              1010 6.775372033622e+00 6.774223669114e+00 6.773401418079e+00 6.773371686231e+00 6.773194842358e+00 6.773063772896e+00 6.772740079989e+00 
              1020 6.779024868973e+00 6.777860345855e+00 6.777058072362e+00 6.776998903764e+00 6.776859688208e+00 6.776680275473e+00 6.776387947241e+00 
              1030 6.782578088679e+00 6.781391532504e+00 6.780624314829e+00 6.780514704692e+00 6.780444772537e+00 6.780183442160e+00 6.779944713233e+00 
              1040 6.786169450940e+00 6.784988067078e+00 6.784210140965e+00 6.784121144472e+00 6.784018744532e+00 6.783788834694e+00 6.783530541923e+00 
              1050 6.789696698207e+00 6.788522934251e+00 6.787733470276e+00 6.787667985470e+00 6.787529910932e+00 6.787335994727e+00 6.787055592428e+00 
              1060 6.793102796046e+00 6.791915852573e+00 6.791156316017e+00 6.791052576594e+00 6.790969036317e+00 6.790712631711e+00 6.790474404929e+00 
              1070 6.796481839597e+00 6.795293232526e+00 6.794545607466e+00 6.794432214947e+00 6.794362542909e+00 6.794089312143e+00 6.793863980194e+00 
              1080 6.799847677151e+00 6.798663753252e+00 6.797919306695e+00 6.797810732686e+00 6.797734622158e+00 6.797467680612e+00 6.797240594307e+00 
              1090 6.803161897508e+00 6.801983270731e+00 6.801243461014e+00 6.801138462348e+00 6.801058245889e+00 6.800795689508e+00 6.800568392149e+00 
              1100 6.806422734970e+00 6.805249208798e+00 6.804516755537e+00 6.804412004499e+00 6.804332956283e+00 6.804069568566e+00 6.803845718571e+00 
              1110 6.809667283390e+00 6.808505709634e+00 6.807770210452e+00 6.807682515892e+00 6.807580711277e+00 6.807343356525e+00 6.807105813643e+00 
              1120 6.812822780671e+00 6.811665236635e+00 6.810943125284e+00 6.810847791695e+00 6.810759272851e+00 6.810508731148e+00 6.810283119486e+00 
              1130 6.815988425841e+00 6.814850299881e+00 6.814115000036e+00 6.814053635124e+00 6.813918489116e+00 6.813721097168e+00 6.813464663728e+00 
              1140 6.819055005800e+00 6.817919373958e+00 6.817203699877e+00 6.817126143312e+00 6.817017161412e+00 6.816793179550e+00 6.816557753098e+00 
              1150 6.822133261228e+00 6.821025840733e+00 6.820283431567e+00 6.820261729774e+00 6.820074836080e+00 6.819939030068e+00 6.819650430854e+00 
              1160 6.825142577314e+00 6.824055127356e+00 6.823302428438e+00 6.823311563180e+00 6.823083102229e+00 6.822995736962e+00 6.822679841381e+00 
              1170 6.828094270088e+00 6.827013957785e+00 6.826276071059e+00 6.826277577602e+00 6.826063330424e+00 6.825963325770e+00 6.825659838582e+00 
              1180 6.830995426218e+00 6.829916134319e+00 6.829205577371e+00 6.829180238355e+00 6.829008128909e+00 6.828865016151e+00 6.828593771990e+00 
              1190 6.833873791389e+00 6.832812597446e+00 6.832098150282e+00 6.832094522829e+00 6.831894306137e+00 6.831785425780e+00 6.831496413407e+00 
              1200 6.836673445502e+00 6.835606178435e+00 6.834934032194e+00 6.834880491821e+00 6.834755922414e+00 6.834567464275e+00 6.834334456696e+00 
              1210 6.839479596921e+00 6.838432035638e+00 6.837754466454e+00 6.837725302637e+00 6.837568851972e+00 6.837419045783e+00 6.837165556708e+00 
              1220 6.842187544854e+00 6.841137469004e+00 6.840496654418e+00 6.840426136350e+00 6.840332976452e+00 6.840117400765e+00 6.839911048306e+00 
              1230 6.844876635751e+00 6.843835425406e+00 6.843210444377e+00 6.843131154123e+00 6.843054110629e+00 6.842824655364e+00 6.842631884093e+00 
              1240 6.847554869336e+00 6.846527692157e+00 6.845909426963e+00 6.845835698710e+00 6.845754028941e+00 6.845533561534e+00 6.845339630722e+00 
              1250 6.850201127581e+00 6.849190140343e+00 6.848574859369e+00 6.848512536930e+00 6.848417760022e+00 6.848215642500e+00 6.848014520194e+00 
              1260 6.852773840380e+00 6.851772494027e+00 6.851172546190e+00 6.851102132411e+00 6.851022434321e+00 6.850807744928e+00 6.850619412634e+00 
              1270 6.855347310936e+00 6.854363912544e+00 6.853764034082e+00 6.853709516393e+00 6.853610142530e+00 6.853421075088e+00 6.853220866311e+00 
              1280 6.857849216781e+00 6.856876096362e+00 6.856290719590e+00 6.856229270707e+00 6.856143233060e+00 6.855943565877e+00 6.855754877555e+00 
              1290 6.860357784124e+00 6.859409766506e+00 6.858810949397e+00 6.858786455588e+00 6.858650132381e+00 6.858509667888e+00 6.858287365244e+00 
              1300 6.862780035676e+00 6.861838107732e+00 6.861261918090e+00 6.861217524523e+00 6.861113249953e+00 6.860941689064e+00 6.860744147738e+00 
              1310 6.865210240249e+00 6.864299831945e+00 6.863697609921e+00 6.863709731595e+00 6.863526686689e+00 6.863445501525e+00 6.863194123423e+00 
              1320 6.867556898335e+00 6.866648462555e+00 6.866076757261e+00 6.866056307102e+00 6.865923590058e+00 6.865791278799e+00 6.865577584614e+00 
              1330 6.869903235513e+00 6.869026526872e+00 6.868427926928e+00 6.868465108082e+00 6.868251866281e+00 6.868211774939e+00 6.867942982944e+00 
              1340 6.872185044559e+00 6.871312714393e+00 6.870739867961e+00 6.870751654240e+00 6.870578241769e+00 6.870498512080e+00 6.870259916748e+00 
              1350 6.874444071946e+00 6.873591556103e+00 6.873014390624e+00 6.873047986819e+00 6.872845874718e+00 6.872801533960e+00 6.872544548412e+00 
              1360 6.876636442223e+00 6.875777746998e+00 6.875246401014e+00 6.875222488330e+00 6.875106680760e+00 6.874971770624e+00 6.874777845073e+00 
              1370 6.878833859826e+00 6.877996614432e+00 6.877457463805e+00 6.877460560247e+00 6.877308410931e+00 6.877217215471e+00 6.876999449947e+00 
              1380 6.880949406519e+00 6.880110293944e+00 6.879608065744e+00 6.879567157273e+00 6.879481613826e+00 6.879321363313e+00 6.879152626600e+00 
              1390 6.883079051499e+00 6.882258935674e+00 6.881753206614e+00 6.881732176814e+00 6.881620530651e+00 6.881492726175e+00 6.881307362781e+00 
              1400 6.885130786367e+00 6.884314948929e+00 6.883833672813e+00 6.883787900349e+00 6.883714811621e+00 6.883548598524e+00 6.883392340599e+00 
              1410 6.887188265421e+00 6.886387903152e+00 6.885909386152e+00 6.885873206190e+00 6.885788831930e+00 6.885638773610e+00 6.885476334729e+00 
              1420 6.889187183818e+00 6.888396264026e+00 6.887931676134e+00 6.887887063358e+00 6.887817487636e+00 6.887654970320e+00 6.887504772419e+00 
              1430 6.891185860568e+00 6.890412567398e+00 6.889945947945e+00 6.889918192312e+00 6.889826684602e+00 6.889691899028e+00 6.889527948156e+00 
              1440 6.893123111962e+00 6.892358985196e+00 6.891906249260e+00 6.891869756381e+00 6.891793395192e+00 6.891645702316e+00 6.891494191252e+00 
              1450 6.895036068091e+00 6.894283652874e+00 6.893839550958e+00 6.893802490632e+00 6.893729373730e+00 6.893581763505e+00 6.893434250948e+00 
              1460 6.896932186825e+00 6.896196452876e+00 6.895751007515e+00 6.895729122243e+00 6.895636353641e+00 6.895513842746e+00 6.895354120948e+00 
              1470 6.898808210191e+00 6.898102284495e+00 6.897629188762e+00 6.897664168050e+00 6.897491152287e+00 6.897459943206e+00 6.897245143530e+00 
              1480 6.900618725951e+00 6.899914742119e+00 6.899468452638e+00 6.899473379179e+00 6.899346281817e+00 6.899268372146e+00 6.899087678628e+00 
              1490 6.902425170310e+00 6.901752541511e+00 6.901274525937e+00 6.901342450378e+00 6.901126078134e+00 6.901149211557e+00 6.900907020968e+00 
              1500 6.904178926166e+00 6.903506968083e+00 6.903057641400e+00 6.903092129343e+00 6.902926514323e+00 6.902897592001e+00 6.902692876958e+00 
              1510 6.905914086993e+00 6.905260776831e+00 6.904804051752e+00 6.904862428318e+00 6.904664247280e+00 6.904674288024e+00 6.904448125515e+00 
              1520 6.907612874691e+00 6.906968191682e+00 6.906523588441e+00 6.906574532339e+00 6.906389245844e+00 6.906388529795e+00 6.906173026914e+00 
              1530 6.909279021295e+00 6.908638125137e+00 6.908214914736e+00 6.908243412015e+00 6.908092799641e+00 6.908057491558e+00 6.907868009230e+00 
              1540 6.910898498346e+00 6.910253033743e+00 6.909867309913e+00 6.909847344412e+00 6.909769159119e+00 6.909657956331e+00 6.909521127720e+00 
              1550 6.912526121611e+00 6.911896932855e+00 6.911507136896e+00 6.911505066350e+00 6.911402873571e+00 6.911321135023e+00 6.911168819031e+00 
              1560 6.914093073162e+00 6.913466204128e+00 6.913099414302e+00 6.913071592707e+00 6.913008754402e+00 6.912887178632e+00 6.912764091072e+00 
              1570 6.915665082192e+00 6.915051888794e+00 6.914685461125e+00 6.914668094685e+00 6.914591986724e+00 6.914488065671e+00 6.914357031190e+00 
              1580 6.917188744370e+00 6.916582773856e+00 6.916228935590e+00 6.916202155162e+00 6.916141598945e+00 6.916023779682e+00 6.915905116046e+00 
              1590 6.918700560643e+00 6.918106131991e+00 6.917756058299e+00 6.917733899173e+00 6.917668474364e+00 6.917559042740e+00 6.917438315288e+00 
              1600 6.920182973746e+00 6.919599043798e+00 6.919254394749e+00 6.919234008238e+00 6.919167817706e+00 6.919062247980e+00 6.918942329769e+00 
              1610 6.921637639265e+00 6.921063203095e+00 6.920725594093e+00 6.920704207822e+00 6.920641247682e+00 6.920535134366e+00 6.920418822385e+00 
              1620 6.923079687405e+00 6.922520013496e+00 6.922178629319e+00 6.922173496789e+00 6.922088659847e+00 6.922009394755e+00 6.921878952002e+00 
              1630 6.924504205492e+00 6.923973312429e+00 6.923599478839e+00 6.923656484021e+00 6.923483015414e+00 6.923503423567e+00 6.923311712142e+00 
              1640 6.925876583746e+00 6.925343669582e+00 6.924998933661e+00 6.925019034327e+00 6.924900906340e+00 6.924863767875e+00 6.924712380619e+00 
              1650 6.927225266052e+00 6.926695429438e+00 6.926369122558e+00 6.926369249271e+00 6.926281814413e+00 6.926213994945e+00 6.926085507082e+00 
              1660 6.928571419431e+00 6.928065876824e+00 6.927714913345e+00 6.927764230082e+00 6.927606883371e+00 6.927618167103e+00 6.927441570668e+00 
              1670 6.929884733870e+00 6.929397288265e+00 6.929033691390e+00 6.929112703686e+00 6.928913756448e+00 6.928973185091e+00 6.928768438165e+00 
              1680 6.931169579365e+00 6.930689138024e+00 6.930335003452e+00 6.930408028231e+00 6.930219349361e+00 6.930270285850e+00 6.930073969188e+00 
              1690 6.932428004538e+00 6.931947453790e+00 6.931616872132e+00 6.931661062409e+00 6.931515861795e+00 6.931522035427e+00 6.931357554648e+00 
              1700 6.933649862968e+00 6.933161994476e+00 6.932869085855e+00 6.932861451787e+00 6.932793136576e+00 6.932718045884e+00 6.932608934132e+00 
              1710 6.934878649734e+00 6.934405455024e+00 6.934105559259e+00 6.934117993707e+00 6.934021979613e+00 6.933979737297e+00 6.933852211408e+00 
              1720 6.936082027465e+00 6.935624429156e+00 6.935315225508e+00 6.935351311901e+00 6.935222351613e+00 6.935218633839e+00 6.935068973187e+00 
              1730 6.937242154618e+00 6.936780579494e+00 6.936501331328e+00 6.936497542438e+00 6.936428021378e+00 6.936361985057e+00 6.936255318863e+00 
              1740 6.938387940756e+00 6.937931096249e+00 6.937663805671e+00 6.937649019868e+00 6.937596903813e+00 6.937514377010e+00 6.937421039802e+00 
              1750 6.939524444597e+00 6.939076721960e+00 6.938812286463e+00 6.938801111986e+00 6.938745134196e+00 6.938669301737e+00 6.938574284740e+00 
              1760 6.940639227901e+00 6.940200103957e+00 6.939939238209e+00 6.939930380358e+00 6.939872399460e+00 6.939801197771e+00 6.939705793340e+00 
              1770 6.941731670188e+00 6.941299940891e+00 6.941044746813e+00 6.941034665482e+00 6.940979808228e+00 6.940907608598e+00 6.940815411598e+00 
              1780 6.942813441734e+00 6.942394162863e+00 6.942134109172e+00 6.942139734952e+00 6.942063347902e+00 6.942017018954e+00 6.941910637541e+00 
              1790 6.943861991190e+00 6.943447393260e+00 6.943197855598e+00 6.943194145552e+00 6.943132639438e+00 6.943072418042e+00 6.942977495330e+00 
              1800 6.944907824367e+00 6.944510592865e+00 6.944245489127e+00 6.944274555563e+00 6.944166630675e+00 6.944159352447e+00 6.944032669203e+00 
              1810 6.945918300522e+00 6.945522867122e+00 6.945273589674e+00 6.945284487986e+00 6.945204258614e+00 6.945169053892e+00 6.945062829204e+00 
              1820 6.946925570114e+00 6.946553814186e+00 6.946275298601e+00 6.946340844421e+00 6.946182309198e+00 6.946234735294e+00 6.946074244619e+00 
              1830 6.947906825714e+00 6.947550959194e+00 6.947258767399e+00 6.947353659446e+00 6.947153616854e+00 6.947253502844e+00 6.947064666730e+00 
              1840 6.948866442212e+00 6.948514684946e+00 6.948232718680e+00 6.948318168077e+00 6.948133060980e+00 6.948218846337e+00 6.948041431751e+00 
              1850 6.949806240058e+00 6.949452654240e+00 6.949192848988e+00 6.949249402991e+00 6.949107533665e+00 6.949148337140e+00 6.949002270238e+00 
              1860 6.950732883163e+00 6.950392050327e+00 6.950124103317e+00 6.950200706818e+00 6.950030800529e+00 6.950104285586e+00 6.949939323683e+00 
              1870 6.951632943077e+00 6.951283147537e+00 6.951051456672e+00 6.951076055767e+00 6.950982994104e+00 6.950974805894e+00 6.950864835555e+00 
              1880 6.952528509278e+00 6.952192103668e+00 6.951950444423e+00 6.951997848034e+00 6.951872704514e+00 6.951901554158e+00 6.951769811220e+00 
              1890 6.953391540797e+00 6.953048542033e+00 6.952837657454e+00 6.952841649203e+00 6.952780804129e+00 6.952741594349e+00 6.952655963236e+00 
              1900 6.954243818680e+00 6.953903981054e+00 6.953703542862e+00 6.953696971002e+00 6.953652584502e+00 6.953597435703e+00 6.953524195783e+00 
              1910 6.955088588812e+00 6.954756216142e+00 6.954557217656e+00 6.954554631652e+00 6.954505510826e+00 6.954457509397e+00 6.954381721558e+00 
              1920 6.955919594347e+00 6.955596368082e+00 6.955395097164e+00 6.955402429147e+00 6.955339920191e+00 6.955308471885e+00 6.955224028114e+00 
              1930 6.956724971801e+00 6.956404864638e+00 6.956213352418e+00 6.956210918510e+00 6.956163657247e+00 6.956117509096e+00 6.956044561145e+00 
              1940 6.957526393412e+00 6.957216611139e+00 6.957019880457e+00 6.957031955897e+00 6.956964586939e+00 6.956942260544e+00 6.956855899339e+00 
              1950 6.958303290433e+00 6.957996828725e+00 6.957808971384e+00 6.957812527045e+00 6.957758561432e+00 6.957723496086e+00 6.957647305703e+00 
              1960 6.959077468510e+00 6.958787481459e+00 6.958581167059e+00 6.958620553545e+00 6.958515395417e+00 6.958537967364e+00 6.958426447648e+00 
              1970 6.959824194281e+00 6.959533481514e+00 6.959343939181e+00 6.959361785185e+00 6.959288962647e+00 6.959278115806e+00 6.959190075237e+00 
              1980 6.960567541889e+00 6.960298938110e+00 6.960078663750e+00 6.960152094219e+00 6.959999269101e+00 6.960077381506e+00 6.959933699845e+00 
              1990 6.961285853308e+00 6.961012594870e+00 6.960816790928e+00 6.960855984849e+00 6.960753958728e+00 6.960778491174e+00 6.960671266546e+00 
              2000 6.961997896442e+00 6.961746833137e+00 6.961519538679e+00 6.961615376154e+00 6.961431765164e+00 6.961546911608e+00 6.961382910921e+00 
              2010 6.962690792301e+00 6.962437113470e+00 6.962229635742e+00 6.962298622667e+00 6.962155027149e+00 6.962228297262e+00 6.962093135327e+00 
              2020 6.963372393445e+00 6.963130050972e+00 6.962913141895e+00 6.963002742248e+00 6.962830009460e+00 6.962936705104e+00 6.962781678380e+00 
              2030 6.964034403405e+00 6.963779731875e+00 6.963602368981e+00 6.963632817604e+00 6.963547123864e+00 6.963560672919e+00 6.963467566318e+00 
              2040 6.964692216077e+00 6.964450319227e+00 6.964260130602e+00 6.964316559087e+00 6.964193885659e+00 6.964249360022e+00 6.964130846391e+00 
              2050 6.965325857802e+00 6.965075488662e+00 6.964916345998e+00 6.964927228915e+00 6.964871746660e+00 6.964855642762e+00 6.964785045096e+00 
              2060 6.965958859614e+00 6.965719018653e+00 6.965551312954e+00 6.965581085318e+00 6.965498925985e+00 6.965513480976e+00 6.965424709875e+00 
              2070 6.966568146725e+00 6.966325430676e+00 6.966176697615e+00 6.966180388391e+00 6.966137040996e+00 6.966110883371e+00 6.966050023905e+00 
              2080 6.967175509083e+00 6.966940123173e+00 6.966789061132e+00 6.966801332007e+00 6.966746299025e+00 6.966734425245e+00 6.966665925516e+00 
              2090 6.967764078099e+00 6.967530554670e+00 6.967388239287e+00 6.967390931427e+00 6.967350647251e+00 6.967324231175e+00 6.967266684199e+00 
              2100 6.968349359608e+00 6.968125197228e+00 6.967975931446e+00 6.967994591306e+00 6.967931834187e+00 6.967931407637e+00 6.967858610167e+00 
              2110 6.968915498625e+00 6.968692990227e+00 6.968552532494e+00 6.968561365911e+00 6.968513695305e+00 6.968498317962e+00 6.968436691155e+00 
              2120 6.969472110488e+00 6.969253628794e+00 6.969116863312e+00 6.969124141067e+00 6.969079496895e+00 6.969062284242e+00 6.969003331077e+00 
              2130 6.970021088903e+00 6.969811253907e+00 6.969668391983e+00 6.969690017754e+00 6.969625219991e+00 6.969631399419e+00 6.969558800023e+00 
              2140 6.970560506154e+00 6.970371557445e+00 6.970196796796e+00 6.970274766312e+00 6.970128611509e+00 6.970224799220e+00 6.970095473015e+00 
              2150 6.971082386204e+00 6.970888563678e+00 6.970735530697e+00 6.970782330530e+00 6.970682315062e+00 6.970729660479e+00 6.970633322543e+00 
              2160 6.971597420631e+00 6.971426106614e+00 6.971237314399e+00 6.971346617667e+00 6.971156238999e+00 6.971303340014e+00 6.971143922745e+00 
              2170 6.972099156113e+00 6.971921875616e+00 6.971756772119e+00 6.971831571807e+00 6.971692170636e+00 6.971785126754e+00 6.971662083408e+00 
              2180 6.972591369211e+00 6.972424930040e+00 6.972248108052e+00 6.972346078152e+00 6.972173602161e+00 6.972303898282e+00 6.972158075054e+00 
              2190 6.973072532572e+00 6.972907655388e+00 6.972738383936e+00 6.972828027263e+00 6.972668362476e+00 6.972786025116e+00 6.972649702077e+00 
              2200 6.973543135938e+00 6.973375359314e+00 6.973222826960e+00 6.973289081230e+00 6.973164166556e+00 6.973245293304e+00 6.973133896523e+00 
              2210 6.973999762068e+00 6.973821353467e+00 6.973701542168e+00 6.973718225964e+00 6.973666199331e+00 6.973669247035e+00 6.973609597957e+00 
              2220 6.974454134503e+00 6.974284604583e+00 6.974156553101e+00 6.974190493106e+00 6.974113970420e+00 6.974144948390e+00 6.974068524946e+00 
              2230 6.974891440541e+00 6.974717848653e+00 6.974608404847e+00 6.974615663721e+00 6.974578653825e+00 6.974567848199e+00 6.974519670785e+00 
              2240 6.975326827191e+00 6.975159820989e+00 6.975046625780e+00 6.975063694764e+00 6.975013019515e+00 6.975018317512e+00 6.974960970905e+00 
              2250 6.975747765904e+00 6.975581412572e+00 6.975476655848e+00 6.975483533714e+00 6.975448324143e+00 6.975437984986e+00 6.975391951738e+00 
              2260 6.976163021509e+00 6.976001420703e+00 6.975896407589e+00 6.975907258603e+00 6.975866867774e+00 6.975863356387e+00 6.975814106523e+00 
              2270 6.976568467868e+00 6.976410722086e+00 6.976307164594e+00 6.976319129323e+00 6.976277713549e+00 6.976276485972e+00 6.976226935972e+00 
              2280 6.976964608099e+00 6.976809850212e+00 6.976709410278e+00 6.976719713628e+00 6.976681307090e+00 6.976677953612e+00 6.976630933149e+00 
              2290 6.977354767973e+00 6.977208024630e+00 6.977100035140e+00 6.977126069126e+00 6.977065319347e+00 6.977087422918e+00 6.977025095327e+00 
              2300 6.977736464277e+00 6.977611100967e+00 6.977467270555e+00 6.977555209779e+00 6.977404810820e+00 6.977525599831e+00 6.977400618253e+00 
              2310 6.978106284926e+00 6.977973249516e+00 6.977854518084e+00 6.977904714979e+00 6.977809882009e+00 6.977871295867e+00 6.977785790694e+00 
              2320 6.978467282066e+00 6.978331475840e+00 6.978227374849e+00 6.978256871281e+00 6.978192757624e+00 6.978221818398e+00 6.978158304620e+00 
              2330 6.978822971583e+00 6.978704578802e+00 6.978572508738e+00 6.978650898875e+00 6.978516069392e+00 6.978623152796e+00 6.978510286583e+00 
              2340 6.979168905787e+00 6.979062155752e+00 6.978914088162e+00 6.979021750612e+00 6.978844790659e+00 6.978998763548e+00 6.978856642634e+00 
              2350 6.979506964736e+00 6.979401396861e+00 6.979259235842e+00 6.979360312967e+00 6.979193475723e+00 6.979337464546e+00 6.979202832938e+00 
              2360 6.979837225677e+00 6.979726138153e+00 6.979603886153e+00 6.979675430476e+00 6.979552153815e+00 6.979649759103e+00 6.979546123260e+00 
              2370 6.980157125892e+00 6.980033746057e+00 6.979945492596e+00 6.979964384122e+00 6.979918353288e+00 6.979932900275e+00 6.979883938955e+00 
              2380 6.980474084533e+00 6.980359379724e+00 6.980260892689e+00 6.980299451856e+00 6.980225259066e+00 6.980271441340e+00 6.980203027259e+00 
              2390 6.980782510632e+00 6.980677461941e+00 6.980566509373e+00 6.980628334357e+00 6.980520725097e+00 6.980604239403e+00 6.980512672262e+00 
              2400 6.981080672301e+00 6.980966706796e+00 6.980882277859e+00 6.980903519649e+00 6.980855542560e+00 6.980875124935e+00 6.980825824605e+00 
              2410 6.981372225357e+00 6.981257717440e+00 6.981182033844e+00 6.981191728046e+00 6.981161056398e+00 6.981162747725e+00 6.981125945582e+00 
              2420 6.981659026187e+00 6.981548213725e+00 6.981472268933e+00 6.981485125303e+00 6.981450315416e+00 6.981457439881e+00 6.981418054423e+00 
              2430 6.981938599573e+00 6.981831060219e+00 6.981755617148e+00 6.981770341080e+00 6.981733271908e+00 6.981743770018e+00 6.981703117233e+00 
              2440 6.982210925419e+00 6.982105584876e+00 6.982032783881e+00 6.982045825370e+00 6.982011663062e+00 6.982019898735e+00 6.981981604389e+00 
              2450 6.982478070574e+00 6.982379828464e+00 6.982299242327e+00 6.982327638729e+00 6.982271545996e+00 6.982304531865e+00 6.982251131560e+00 
              2460 6.982736249432e+00 6.982637759743e+00 6.982564730206e+00 6.982583307584e+00 6.982541965441e+00 6.982559774188e+00 6.982517047803e+00 
              2470 6.982990173532e+00 6.982903658542e+00 6.982812305774e+00 6.982863408669e+00 6.982775094525e+00 6.982844866083e+00 6.982769420277e+00 
              2480 6.983235806982e+00 6.983146406765e+00 6.983067972581e+00 6.983100399309e+00 6.983039732192e+00 6.983080271874e+00 6.983024555901e+00 
              2490 6.983475776052e+00 6.983404599309e+00 6.983294367742e+00 6.983381297303e+00 6.983241608828e+00 6.983368940742e+00 6.983257968264e+00 
              2500 6.983708724505e+00 6.983648372169e+00 6.983521851328e+00 6.983637853902e+00 6.983456201220e+00 6.983629993750e+00 6.983489809549e+00 
              2510 6.983936335283e+00 6.983875523522e+00 6.983756480613e+00 6.983862602614e+00 6.983695757900e+00 6.983854249295e+00 6.983724757679e+00 
              2520 6.984158278780e+00 6.984091338648e+00 6.983991675123e+00 6.984068387143e+00 6.983944809975e+00 6.984057033308e+00 6.983958231412e+00 
              2530 6.984373244367e+00 6.984314316660e+00 6.984203989280e+00 6.984300449545e+00 6.984148480324e+00 6.984292364108e+00 6.984173879285e+00 
              2540 6.984583291611e+00 6.984511473949e+00 6.984434626940e+00 6.984478494932e+00 6.984403569636e+00 6.984464425345e+00 6.984400359163e+00 
              2550 6.984787288671e+00 6.984724221729e+00 6.984634965062e+00 6.984701373131e+00 6.984593975188e+00 6.984690908059e+00 6.984604282335e+00 
              2560 6.984984882282e+00 6.984911341119e+00 6.984850232859e+00 6.984872690237e+00 6.984829725872e+00 6.984857321568e+00 6.984816238573e+00 
              2570 6.985176837403e+00 6.985102304724e+00 6.985049182005e+00 6.985060682362e+00 6.985034055196e+00 6.985044614474e+00 6.985015265986e+00 
              2580 6.985364645720e+00 6.985293320491e+00 6.985239242842e+00 6.985254413818e+00 6.985222799987e+00 6.985239509115e+00 6.985206905723e+00 
              2590 6.985547277785e+00 6.985480847143e+00 6.985422155572e+00 6.985446962172e+00 6.985401662041e+00 6.985433971789e+00 6.985391996219e+00 
              2600 6.985723288688e+00 6.985656005177e+00 6.985604731504e+00 6.985619407633e+00 6.985589222634e+00 6.985605792875e+00 6.985574679877e+00 
              2610 6.985895519590e+00 6.985834395322e+00 6.985775648172e+00 6.985804582514e+00 6.985753962542e+00 6.985793450782e+00 6.985748216531e+00 
              2620 6.986061617789e+00 6.985999945283e+00 6.985947805607e+00 6.985967875097e+00 6.985930515015e+00 6.985956261724e+00 6.985920577947e+00 
              2630 6.986223307671e+00 6.986173892879e+00 6.986101173181e+00 6.986156920323e+00 6.986067894456e+00 6.986150498070e+00 6.986078741294e+00 
              2640 6.986379864009e+00 6.986326081102e+00 6.986267901046e+00 6.986301721652e+00 6.986244983282e+00 6.986293133663e+00 6.986244289556e+00 
              2650 6.986530429274e+00 6.986494530735e+00 6.986403631063e+00 6.986492961884e+00 6.986355638748e+00 6.986492064291e+00 6.986386822458e+00 
              2660 6.986677932289e+00 6.986633947268e+00 6.986565316043e+00 6.986619990792e+00 6.986533499313e+00 6.986615290376e+00 6.986545983339e+00 
              2670 6.986818244668e+00 6.986792370178e+00 6.986690343668e+00 6.986801578871e+00 6.986632960694e+00 6.986804673546e+00 6.986677880827e+00 
              2680 6.986956533893e+00 6.986924658237e+00 6.986840328532e+00 6.986924343212e+00 6.986795709353e+00 6.986924565237e+00 6.986826077222e+00 
              2690 6.987088581438e+00 6.987064359129e+00 6.986968655021e+00 6.987073075426e+00 6.986915002699e+00 6.987076472014e+00 6.986957511506e+00 
              2700 6.987218504449e+00 6.987178911815e+00 6.987120626140e+00 6.987165426254e+00 6.987094550360e+00 6.987161813518e+00 6.987104318189e+00 
              2710 6.987341893008e+00 6.987311455344e+00 6.987238467804e+00 6.987309077015e+00 6.987200878104e+00 6.987309310097e+00 6.987225796700e+00 
              2720 6.987462051044e+00 6.987420108147e+00 6.987376163965e+00 6.987400814071e+00 6.987359888126e+00 6.987395756855e+00 6.987359701044e+00 
              2730 6.987577254679e+00 6.987542374190e+00 6.987488028326e+00 6.987531385793e+00 6.987463479125e+00 6.987529255032e+00 6.987474440910e+00 
              2740 6.987688257536e+00 6.987647432481e+00 6.987610174463e+00 6.987627116201e+00 6.987597987422e+00 6.987622163158e+00 6.987594779964e+00 
              2750 6.987795400594e+00 6.987758615584e+00 6.987717226471e+00 6.987742540272e+00 6.987701485317e+00 6.987739183088e+00 6.987703611016e+00 
              2760 6.987898121862e+00 6.987860105457e+00 6.987825670200e+00 6.987841138191e+00 6.987814702363e+00 6.987837050138e+00 6.987811931745e+00 
              2770 6.987997130089e+00 6.987965234436e+00 6.987922114456e+00 6.987953375733e+00 6.987904189536e+00 6.987951809786e+00 6.987910894835e+00 
              2780 6.988092116766e+00 6.988058874379e+00 6.988022824184e+00 6.988044000942e+00 6.988009773404e+00 6.988041659029e+00 6.988011429502e+00 
              2790 6.988183175903e+00 6.988150949151e+00 6.988116892863e+00 6.988136288947e+00 6.988104913860e+00 6.988134218189e+00 6.988106167930e+00 
              2800 6.988270256751e+00 6.988243606311e+00 6.988201803138e+00 6.988235378171e+00 6.988183592585e+00 6.988235597858e+00 6.988193386658e+00 
              2810 6.988351819059e+00 6.988342798794e+00 6.988267554843e+00 6.988357432182e+00 6.988223840139e+00 6.988365271720e+00 6.988265777465e+00 
              2820 6.988432763187e+00 6.988416170123e+00 6.988360978317e+00 6.988419382740e+00 6.988331905683e+00 6.988423706482e+00 6.988356768293e+00 
              2830 6.988506230252e+00 6.988508976299e+00 6.988416555102e+00 6.988537432005e+00 6.988359148140e+00 6.988550132263e+00 6.988419588020e+00 
              2840 6.988580309418e+00 6.988574488207e+00 6.988504121237e+00 6.988590195942e+00 6.988462871598e+00 6.988598946844e+00 6.988504353620e+00 
              2850 6.988648252003e+00 6.988650413642e+00 6.988566833185e+00 6.988675938726e+00 6.988515283443e+00 6.988688054432e+00 6.988570216484e+00 
              2860 6.988714125262e+00 6.988715196843e+00 6.988637638975e+00 6.988738194980e+00 6.988590230152e+00 6.988749671508e+00 6.988640905087e+00 
              2870 6.988777264526e+00 6.988772901145e+00 6.988710552394e+00 6.988787464897e+00 6.988674183932e+00 6.988796385310e+00 6.988712130133e+00 
              2880 6.988837836541e+00 6.988820487150e+00 6.988789326675e+00 6.988816347314e+00 6.988775997004e+00 6.988819382316e+00 6.988786491802e+00 
              2890 6.988892819141e+00 6.988881679296e+00 6.988840858974e+00 6.988884999771e+00 6.988819919279e+00 6.988890626408e+00 6.988840520918e+00 
              2900 6.988945818591e+00 6.988928228945e+00 6.988904575869e+00 6.988921783252e+00 6.988896166279e+00 6.988924416975e+00 6.988902168226e+00 
              2910 6.988994718964e+00 6.988981161430e+00 6.988952370281e+00 6.988979239009e+00 6.988939754972e+00 6.988983507665e+00 6.988951667291e+00 
              2920 6.989040894299e+00 6.989025591271e+00 6.989003863382e+00 6.989020340851e+00 6.988996206679e+00 6.989023698372e+00 6.989002777792e+00 
              2930 6.989083651549e+00 6.989070661623e+00 6.989047331916e+00 6.989067625032e+00 6.989038135259e+00 6.989071863821e+00 6.989047323040e+00 
              2940 6.989123421275e+00 6.989111901850e+00 6.989088703489e+00 6.989109947226e+00 6.989079273320e+00 6.989114698114e+00 6.989089464055e+00 
              2950 6.989160296415e+00 6.989149431905e+00 6.989128046253e+00 6.989147461522e+00 6.989119649764e+00 6.989152366625e+00 6.989129277166e+00 
              2960 6.989193576210e+00 6.989188346616e+00 6.989158139484e+00 6.989193165395e+00 6.989142801165e+00 6.989200423300e+00 6.989161635297e+00 
              2970 6.989221563167e+00 6.989235195448e+00 6.989167953013e+00 6.989264874472e+00 6.989124507812e+00 6.989280317328e+00 6.989178477794e+00 
              2980 6.989251516267e+00 6.989255397367e+00 6.989211966591e+00 6.989270900980e+00 6.989186078298e+00 6.989281916826e+00 6.989219200104e+00 
              2990 6.989277779364e+00 6.989276780040e+00 6.989246738566e+00 6.989284771028e+00 6.989230591337e+00 6.989293509192e+00 6.989252430799e+00 
              3000 6.989297848686e+00 6.989311918116e+00 6.989252756742e+00 6.989339642352e+00 6.989214458749e+00 6.989354896802e+00 6.989264102054e+00 
              3010 6.989316086656e+00 6.989339574079e+00 6.989263266831e+00 6.989379336501e+00 6.989211807457e+00 6.989398614916e+00 6.989278219900e+00 
              3020 6.989333534690e+00 6.989356141623e+00 6.989284568888e+00 6.989393891443e+00 6.989236371648e+00 6.989412661760e+00 6.989299416506e+00 
              3030 6.989349582841e+00 6.989364717658e+00 6.989311875675e+00 6.989391461398e+00 6.989277446398e+00 6.989406822170e+00 6.989324233827e+00 
              3040 6.989364221952e+00 6.989365231917e+00 6.989345220390e+00 6.989371901823e+00 6.989335143127e+00 6.989380928257e+00 6.989352684283e+00 
              3050 6.989372600138e+00 6.989380216898e+00 6.989348876534e+00 6.989395131376e+00 6.989330021514e+00 6.989406952697e+00 6.989358925149e+00 
              3060 6.989378213850e+00 6.989393447760e+00 6.989348572176e+00 6.989418004375e+00 6.989319289551e+00 6.989433066136e+00 6.989361566675e+00 
              3070 6.989384815424e+00 6.989389343521e+00 6.989369891366e+00 6.989398527857e+00 6.989359415522e+00 6.989408769222e+00 6.989379213758e+00 
              3080 6.989387455304e+00 6.989389585744e+00 6.989377823005e+00 6.989394758943e+00 6.989372853054e+00 6.989403838599e+00 6.989386468756e+00 
              3090 6.989386914091e+00 6.989390856143e+00 6.989377795792e+00 6.989397774725e+00 6.989371592252e+00 6.989407545770e+00 6.989387282392e+00 
              3100 6.989384090268e+00 6.989389456966e+00 6.989375878948e+00 6.989397605199e+00 6.989369031289e+00 6.989407899244e+00 6.989386064114e+00 
              3110 6.989379162743e+00 6.989384921857e+00 6.989372982042e+00 6.989392900784e+00 6.989367111887e+00 6.989403265176e+00 6.989383488560e+00 
              3120 6.989370938060e+00 6.989381961404e+00 6.989361253465e+00 6.989396437947e+00 6.989348557930e+00 6.989409016514e+00 6.989373841112e+00 
              3130 6.989361992636e+00 6.989371046686e+00 6.989356921338e+00 6.989382150468e+00 6.989348920977e+00 6.989393764914e+00 6.989368971247e+00 
              3140 6.989348280155e+00 6.989367488657e+00 6.989334098571e+00 6.989391798309e+00 6.989311407829e+00 6.989407777439e+00 6.989349990610e+00 
              3150 6.989335481830e+00 6.989350158940e+00 6.989328737785e+00 6.989367613249e+00 6.989314789590e+00 6.989381505138e+00 6.989343159928e+00 
              3160 6.989316170730e+00 6.989347262789e+00 6.989293149995e+00 6.989386510904e+00 6.989254450082e+00 6.989407518047e+00 6.989313672052e+00 
              3170 6.989296295676e+00 6.989336503603e+00 6.989265209662e+00 6.989387579758e+00 6.989213395723e+00 6.989412492753e+00 6.989289186940e+00 
              3180 6.989276638301e+00 6.989314795883e+00 6.989250076480e+00 6.989362439180e+00 6.989202971211e+00 6.989386360276e+00 6.989273476247e+00 
              3190 6.989256127304e+00 6.989286633542e+00 6.989240393739e+00 6.989323190828e+00 6.989206928700e+00 6.989343662725e+00 6.989261185661e+00 
              3200 6.989230713293e+00 6.989267625312e+00 6.989209867477e+00 6.989312336076e+00 6.989167548649e+00 6.989335529388e+00 6.989233131354e+00 
              3210 6.989207760738e+00 6.989230359707e+00 6.989205202355e+00 6.989254893616e+00 6.989187119408e+00 6.989271721181e+00 6.989223444637e+00 
              3220 6.989178203686e+00 6.989207986908e+00 6.989169590621e+00 6.989241755336e+00 6.989141370460e+00 6.989261648343e+00 6.989190581544e+00 
              3230 6.989151122187e+00 6.989169038847e+00 6.989157951850e+00 6.989185998824e+00 6.989150004675e+00 6.989200605104e+00 6.989174798564e+00 
              3240 6.989120124731e+00 6.989135608735e+00 6.989131696786e+00 6.989148672094e+00 6.989128927245e+00 6.989162130788e+00 6.989147808383e+00 
              3250 6.989086121694e+00 6.989103355384e+00 6.989097689272e+00 6.989118246530e+00 6.989093404191e+00 6.989132392044e+00 6.989114576791e+00 
              3260 6.989049852683e+00 6.989070533297e+00 6.989059467238e+00 6.989089582128e+00 6.989050936282e+00 6.989105159013e+00 6.989077742636e+00 
              3270 6.989013402679e+00 6.989031854596e+00 6.989027434681e+00 6.989047312087e+00 6.989023693876e+00 6.989061835545e+00 6.989045041508e+00 
              3280 6.988973231861e+00 6.988996431764e+00 6.988983777493e+00 6.989017844750e+00 6.988973672438e+00 6.989034371662e+00 6.989003239777e+00 
              3290 6.988933161058e+00 6.988954475132e+00 6.988947680171e+00 6.988972780957e+00 6.988941780985e+00 6.988988407130e+00 6.988966592788e+00 
              3300 6.988888098304e+00 6.988920268396e+00 6.988892161031e+00 6.988952903908e+00 6.988870100804e+00 6.988973208403e+00 6.988915136039e+00 
              3310 6.988845479391e+00 6.988872006405e+00 6.988857710504e+00 6.988896409786e+00 6.988845822674e+00 6.988914170623e+00 6.988878770319e+00 
              3320 6.988795952822e+00 6.988838984512e+00 6.988791267370e+00 6.988885468175e+00 6.988754150462e+00 6.988910378501e+00 6.988818431458e+00 
              3330 6.988750844259e+00 6.988784572051e+00 6.988758414072e+00 6.988817828657e+00 6.988737282773e+00 6.988838598097e+00 6.988782334851e+00 
              3340 6.988698189685e+00 6.988748698109e+00 6.988688469252e+00 6.988804432977e+00 6.988641629656e+00 6.988832468128e+00 6.988718588011e+00 
              3350 6.988649350685e+00 6.988692666083e+00 6.988649446800e+00 6.988738075133e+00 6.988615187711e+00 6.988762895402e+00 6.988677081142e+00 
              3360 6.988595956660e+00 6.988645689584e+00 6.988590433178e+00 6.988699410795e+00 6.988546987681e+00 6.988726966921e+00 6.988620511206e+00 
              3370 6.988546388341e+00 6.988579639524e+00 6.988561133441e+00 6.988610340727e+00 6.988545065908e+00 6.988630628768e+00 6.988585359219e+00 
              3380 6.988489456596e+00 6.988530655346e+00 6.988496803363e+00 6.988571774430e+00 6.988469075631e+00 6.988595468887e+00 6.988524023389e+00 
              3390 6.988436409936e+00 6.988465012553e+00 6.988459566779e+00 6.988488448235e+00 6.988452966369e+00 6.988506577800e+00 6.988482335972e+00 
              3400 6.988376926088e+00 6.988411428307e+00 6.988394954184e+00 6.988442492387e+00 6.988379934370e+00 6.988463135433e+00 6.988419972456e+00 
              3410 6.988319858732e+00 6.988347336823e+00 6.988347338661e+00 6.988368357738e+00 6.988344510261e+00 6.988385873574e+00 6.988369919916e+00 
              3420 6.988258269356e+00 6.988288673121e+00 6.988283936079e+00 6.988313266869e+00 6.988277405782e+00 6.988331999421e+00 6.988307685085e+00 
              3430 6.988197124998e+00 6.988225229258e+00 6.988226853373e+00 6.988246257408e+00 6.988224940148e+00 6.988263928085e+00 6.988249874168e+00 
              3440 6.988132119832e+00 6.988165256237e+00 6.988157605449e+00 6.988192753143e+00 6.988148597461e+00 6.988212560888e+00 6.988182555471e+00 
              3450 6.988068216602e+00 6.988098970168e+00 6.988097814506e+00 6.988122799137e+00 6.988093528222e+00 6.988141510636e+00 6.988122001763e+00 
              3460 6.988002279158e+00 6.988033018370e+00 6.988033289692e+00 6.988056426099e+00 6.988029930536e+00 6.988075074993e+00 6.988057571038e+00 
              3470 6.987933597171e+00 6.987968880595e+00 6.987960843683e+00 6.987998110245e+00 6.987951122495e+00 6.988018684852e+00 6.987986872740e+00 
              3480 6.987860745438e+00 6.987912611194e+00 6.987870580606e+00 6.987964144606e+00 6.987835263899e+00 6.987991888276e+00 6.987902721074e+00 
              3490 6.987793040460e+00 6.987836376710e+00 6.987813858303e+00 6.987875853667e+00 6.987793021067e+00 6.987899827489e+00 6.987843000826e+00 
              3500 6.987717601389e+00 6.987779265386e+00 6.987718984566e+00 6.987843450894e+00 6.987669736613e+00 6.987875348250e+00 6.987754867070e+00 
              3510 6.987647530339e+00 6.987699700584e+00 6.987660949556e+00 6.987750518943e+00 6.987627695675e+00 6.987778229459e+00 6.987693479970e+00 
              3520 6.987572440886e+00 6.987631644430e+00 6.987579164303e+00 6.987691724922e+00 6.987535503950e+00 6.987722442620e+00 6.987614337469e+00 
              3530 6.987498337627e+00 6.987555536842e+00 6.987508573074e+00 6.987612515523e+00 6.987468919357e+00 6.987642309571e+00 6.987543110068e+00 
              3540 6.987424156902e+00 6.987475030102e+00 6.987442778089e+00 6.987522997096e+00 6.987414016555e+00 6.987549988230e+00 6.987475106601e+00 
              3550 6.987351278988e+00 6.987388308278e+00 6.987386762777e+00 6.987416986998e+00 6.987380867783e+00 6.987437909631e+00 6.987414153299e+00 
              3560 6.987271660300e+00 6.987314007947e+00 6.987302315754e+00 6.987349620508e+00 6.987288705326e+00 6.987372807366e+00 6.987331721339e+00 
              3570 6.987195175920e+00 6.987230230140e+00 6.987235239288e+00 6.987255531113e+00 6.987234012637e+00 6.987275501646e+00 6.987262079941e+00 
              3580 6.987113848404e+00 6.987152074870e+00 6.987151474797e+00 6.987181383480e+00 6.987145933201e+00 6.987202686473e+00 6.987179548771e+00 
              3590 6.987033767152e+00 6.987069419320e+00 6.987075427757e+00 6.987094883051e+00 6.987074718029e+00 6.987115023230e+00 6.987102647251e+00 
              3600 6.986951033766e+00 6.986988171826e+00 6.986992124685e+00 6.987015347738e+00 6.986989763887e+00 6.987036089033e+00 6.987019962381e+00 
              3610 6.986867623374e+00 6.986905420391e+00 6.986909059635e+00 6.986933183410e+00 6.986906353364e+00 6.986954167539e+00 6.986937214435e+00 
              3620 6.986783490407e+00 6.986821145435e+00 6.986826160588e+00 6.986848404461e+00 6.986824374881e+00 6.986869283992e+00 6.986854339126e+00 
              3630 6.986696566915e+00 6.986739062963e+00 6.986734820018e+00 6.986772638845e+00 6.986726000019e+00 6.986795576987e+00 6.986764833193e+00 
              3640 6.986605403502e+00 6.986665970358e+00 6.986624252594e+00 6.986723968687e+00 6.986587289951e+00 6.986754701059e+00 6.986660904382e+00 
              3650 6.986520934788e+00 6.986571001134e+00 6.986552686534e+00 6.986614337157e+00 6.986533131137e+00 6.986640474571e+00 6.986585596365e+00 
              3660 6.986434505805e+00 6.986478950663e+00 6.986473621482e+00 6.986514306527e+00 6.986463678877e+00 6.986537965560e+00 6.986504558591e+00 
              3670 6.986341557072e+00 6.986400324547e+00 6.986365458727e+00 6.986454987635e+00 6.986333322594e+00 6.986484812579e+00 6.986401671370e+00 
              3680 6.986249466924e+00 6.986316925960e+00 6.986264510522e+00 6.986383197848e+00 6.986219150176e+00 6.986416743790e+00 6.986303947848e+00 
              3690 6.986159003454e+00 6.986224872197e+00 6.986176801851e+00 6.986288691248e+00 6.986134597497e+00 6.986321508203e+00 6.986215730908e+00 
              3700 6.986069317707e+00 6.986127017689e+00 6.986097300452e+00 6.986179388020e+00 6.986068729323e+00 6.986208628575e+00 6.986133326575e+00 
              3710 6.985981259380e+00 6.986024154082e+00 6.986026907279e+00 6.986056009314e+00 6.986022525673e+00 6.986078804725e+00 6.986057617326e+00 
              3720 6.985885794300e+00 6.985934612558e+00 6.985925656769e+00 6.985974304079e+00 6.985912427555e+00 6.985999625888e+00 6.985958584533e+00 
              3730 6.985789515146e+00 6.985845281089e+00 6.985822416365e+00 6.985894214658e+00 6.985798697372e+00 6.985922504637e+00 6.985857933167e+00 
              3740 6.985698056276e+00 6.985742464096e+00 6.985744677868e+00 6.985775612107e+00 6.985739620865e+00 6.985798955043e+00 6.985776126799e+00 
              3750 6.985603521243e+00 6.985644887573e+00 6.985654442858e+00 6.985673628216e+00 6.985654786695e+00 6.985695622148e+00 6.985684846420e+00 
              3760 6.985506337024e+00 6.985548877112e+00 6.985556784384e+00 6.985578975747e+00 6.985555809588e+00 6.985601443304e+00 6.985587674362e+00 
              3770 6.985408545597e+00 6.985451883177e+00 6.985458928898e+00 6.985482830091e+00 6.985457224863e+00 6.985505609201e+00 6.985490167998e+00 
              3780 6.985310393730e+00 6.985353507190e+00 6.985361854553e+00 6.985383909040e+00 6.985361039607e+00 6.985406558394e+00 6.985393068890e+00 
              3790 6.985209580372e+00 6.985257350136e+00 6.985256589460e+00 6.985293882533e+00 6.985248885054e+00 6.985318510610e+00 6.985289555780e+00 
              3800 6.985110843827e+00 6.985156048078e+00 6.985161548369e+00 6.985188842900e+00 6.985158442413e+00 6.985212331610e+00 6.985193636338e+00 
              3810 6.985007156436e+00 6.985061930164e+00 6.985047829266e+00 6.985107578699e+00 6.985029996531e+00 6.985135165036e+00 6.985083454814e+00 
              3820 6.984907516959e+00 6.984957179532e+00 6.984954739491e+00 6.984995617237e+00 6.984945542389e+00 6.985020966513e+00 6.984988557541e+00 
              3830 6.984801050795e+00 6.984866570433e+00 6.984831105038e+00 6.984926464791e+00 6.984797156376e+00 6.984958620450e+00 6.984870748235e+00 
              3840 6.984696216074e+00 6.984770300946e+00 6.984717336847e+00 6.984841686640e+00 6.984670240207e+00 6.984877498819e+00 6.984760146533e+00 
              3850 6.984593498822e+00 6.984664981764e+00 6.984618294318e+00 6.984732596304e+00 6.984575815945e+00 6.984767255803e+00 6.984660210497e+00 
              3860 6.984491567331e+00 6.984554850114e+00 6.984526357187e+00 6.984611043560e+00 6.984497400118e+00 6.984642139030e+00 6.984565338111e+00 
              3870 6.984385414035e+00 6.984454576878e+00 6.984414266733e+00 6.984518600837e+00 6.984376412653e+00 6.984552197507e+00 6.984455438168e+00 
              3880 6.984284252035e+00 6.984338562845e+00 6.984330588663e+00 6.984382085420e+00 6.984316817687e+00 6.984409258934e+00 6.984366401766e+00 
              3890 6.984176269342e+00 6.984237255425e+00 6.984215749679e+00 6.984289699560e+00 6.984191804314e+00 6.984319717281e+00 6.984254041064e+00 
              3900 6.984073791185e+00 6.984122391390e+00 6.984127938909e+00 6.984157716900e+00 6.984124128707e+00 6.984182377805e+00 6.984161766793e+00 
              3910 6.983967968323e+00 6.984013634537e+00 6.984026090937e+00 6.984044760564e+00 6.984027372230e+00 6.984068133242e+00 6.984058896099e+00 
              3920 6.983859526327e+00 6.983906450624e+00 6.983916881619e+00 6.983939105301e+00 6.983916584057e+00 6.983962993240e+00 6.983950189869e+00 
              3930 6.983749803281e+00 6.983799692609e+00 6.983804453270e+00 6.983836210244e+00 6.983799856913e+00 6.983861347119e+00 6.983838885685e+00 
              3940 6.983642082252e+00 6.983689264786e+00 6.983700417913e+00 6.983721903136e+00 6.983700529688e+00 6.983745851846e+00 6.983733907817e+00 
              3950 6.983530658362e+00 6.983582124283e+00 6.983584778318e+00 6.983620432278e+00 6.983578482497e+00 6.983646196652e+00 6.983619872373e+00 
              3960 6.983421449078e+00 6.983470565486e+00 6.983478832334e+00 6.983505487229e+00 6.983476664191e+00 6.983530217966e+00 6.983513111702e+00 
              3970 6.983307039057e+00 6.983366572509e+00 6.983353259020e+00 6.983415545828e+00 6.983334923470e+00 6.983444724398e+00 6.983391376581e+00 
              3980 6.983197656665e+00 6.983251091143e+00 6.983251357126e+00 6.983291562473e+00 6.983243096630e+00 6.983318098116e+00 6.983287290955e+00 
              3990 6.983081027902e+00 6.983150556197e+00 6.983117131619e+00 6.983212837155e+00 6.983083671632e+00 6.983246253107e+00 6.983158972648e+00 
              4000 6.982971385518e+00 6.983031160464e+00 6.983019076946e+00 6.983079954010e+00 6.983001485811e+00 6.983109162522e+00 6.983057402264e+00 
              4010 6.982854038788e+00 6.982930201469e+00 6.982883786089e+00 6.983001209715e+00 6.982840522288e+00 6.983037417288e+00 6.982928122428e+00 
              4020 6.982742521484e+00 6.982811058202e+00 6.982781437294e+00 6.982871488270e+00 6.982750650732e+00 6.982904402244e+00 6.982823030587e+00 
              4030 6.982626998907e+00 6.982701554732e+00 6.982659661566e+00 6.982770044095e+00 6.982619666567e+00 6.982805511918e+00 6.982703486994e+00 
              4040 6.982517350107e+00 6.982574985167e+00 6.982569652742e+00 6.982620216074e+00 6.982556878852e+00 6.982648413914e+00 6.982607345664e+00 
              4050 6.982400023991e+00 6.982465223582e+00 6.982444313128e+00 6.982520626293e+00 6.982419867483e+00 6.982552040520e+00 6.982484800378e+00 
              4060 6.982289015789e+00 6.982341201407e+00 6.982348510032e+00 6.982378690921e+00 6.982345059482e+00 6.982404513005e+00 6.982384286512e+00 
              4070 6.982171049142e+00 6.982228759211e+00 6.982224817392e+00 6.982273639302e+00 6.982212925424e+00 6.982301804589e+00 6.982262643330e+00 
              4080 6.982057749278e+00 6.982108041582e+00 6.982120385511e+00 6.982142654615e+00 6.982120587326e+00 6.982167626353e+00 6.982155539397e+00 
              4090 6.981939697312e+00 6.981992545985e+00 6.981999941391e+00 6.982030503231e+00 6.981996403317e+00 6.982056548489e+00 6.982036060882e+00 
              4100 6.981823739290e+00 6.981873915964e+00 6.981887478943e+00 6.981908087829e+00 6.981888490027e+00 6.981932971580e+00 6.981922656350e+00 
              4110 6.981703867572e+00 6.981758723596e+00 6.981762803555e+00 6.981799140716e+00 6.981756696435e+00 6.981826005471e+00 6.981799721224e+00 
              4120 6.981586836090e+00 6.981638947491e+00 6.981649335202e+00 6.981675483860e+00 6.981647882869e+00 6.981701156937e+00 6.981685282163e+00 
              4130 6.981468409279e+00 6.981520155283e+00 6.981531780217e+00 6.981556059003e+00 6.981531203112e+00 6.981581557196e+00 6.981567623823e+00 
              4140 6.981347652065e+00 6.981403607098e+00 6.981406726386e+00 6.981445120124e+00 6.981399763944e+00 6.981472397520e+00 6.981444137551e+00 
              4150 6.981223163198e+00 6.981295403613e+00 6.981264309651e+00 6.981359000519e+00 6.981231804529e+00 6.981393208474e+00 6.981307695453e+00 
              4160 6.981105806397e+00 6.981169160501e+00 6.981157415803e+00 6.981220506566e+00 6.981139288025e+00 6.981250903981e+00 6.981197587327e+00 
              4170 6.980980587951e+00 6.981061991512e+00 6.981012268184e+00 6.981137830230e+00 6.980965797096e+00 6.981175902766e+00 6.981059056119e+00 
              4180 6.980862390070e+00 6.980933950085e+00 6.980905600613e+00 6.980996234880e+00 6.980875016181e+00 6.981030090695e+00 6.980948822435e+00 
              4190 6.980739525308e+00 6.980817820654e+00 6.980775555071e+00 6.980889168066e+00 6.980734562522e+00 6.980925874055e+00 6.980821264416e+00 
              4200 6.980618694407e+00 6.980694666880e+00 6.980657752475e+00 6.980762725007e+00 6.980620708296e+00 6.980798422440e+00 6.980702642761e+00 
              4210 6.980498691006e+00 6.980568011325e+00 6.980545655299e+00 6.980626878413e+00 6.980519417739e+00 6.980659723483e+00 6.980588142422e+00 
              4220 6.980381306123e+00 6.980436440565e+00 6.980444658538e+00 6.980475852958e+00 6.980441154640e+00 6.980502641061e+00 6.980481991235e+00 
              4230 6.980256768982e+00 6.980316937755e+00 6.980314835043e+00 6.980363097712e+00 6.980303605523e+00 6.980392012423e+00 6.980354032312e+00 
              4240 6.980137107260e+00 6.980189669195e+00 6.980204127182e+00 6.980225350711e+00 6.980205191751e+00 6.980251012750e+00 6.980240570855e+00 
              4250 6.980012343610e+00 6.980067796756e+00 6.980076481261e+00 6.980107307646e+00 6.980073208316e+00 6.980134184274e+00 6.980114005725e+00 
              4260 6.979890171063e+00 6.979942758681e+00 6.979957905003e+00 6.979978257701e+00 6.979959405599e+00 6.980003900950e+00 6.979994407000e+00 
              4270 6.979765603319e+00 6.979819400889e+00 6.979832336734e+00 6.979856441942e+00 6.979832154375e+00 6.979882584875e+00 6.979869304392e+00 
              4280 6.979641139686e+00 6.979695322647e+00 6.979707794682e+00 6.979732784605e+00 6.979707230438e+00 6.979759076977e+00 6.979744926854e+00 
              4290 6.979516688095e+00 6.979570457623e+00 6.979584159790e+00 6.979607253222e+00 6.979584475186e+00 6.979633355365e+00 6.979621162979e+00 
              4300 6.979389713810e+00 6.979448071985e+00 6.979452359940e+00 6.979491017263e+00 6.979445633119e+00 6.979519054291e+00 6.979491063954e+00 
              4310 6.979258834073e+00 6.979335059392e+00 6.979301687987e+00 6.979402244430e+00 6.979266898918e+00 6.979437849823e+00 6.979346945723e+00 
              4320 6.979136288051e+00 6.979201720339e+00 6.979191637362e+00 6.979254102320e+00 6.979174148321e+00 6.979285112323e+00 6.979232971559e+00 
              4330 6.979012357034e+00 6.979071895768e+00 6.979074674884e+00 6.979116153332e+00 6.979066724177e+00 6.979144647849e+00 6.979113874391e+00 
              4340 6.978881768210e+00 6.978955427694e+00 6.978928501196e+00 6.979018821343e+00 6.978898415648e+00 6.979053289219e+00 6.978972885844e+00 
              4350 6.978752952964e+00 6.978835088483e+00 6.978790459622e+00 6.978909930052e+00 6.978747172539e+00 6.978947971970e+00 6.978837961683e+00 
              4360 6.978626597054e+00 6.978706895447e+00 6.978666484934e+00 6.978779140781e+00 6.978626308101e+00 6.978816388612e+00 6.978713337370e+00 
              4370 6.978501764482e+00 6.978573628231e+00 6.978551461379e+00 6.978634294253e+00 6.978524827817e+00 6.978667953559e+00 6.978595248446e+00 
              4380 6.978379590268e+00 6.978436364390e+00 6.978446578429e+00 6.978476398574e+00 6.978444000598e+00 6.978503654459e+00 6.978484866431e+00 
              4390 6.978249596794e+00 6.978312083934e+00 6.978310449619e+00 6.978359806452e+00 6.978299029953e+00 6.978389468111e+00 6.978350846367e+00 
              4400 6.978119444112e+00 6.978188676723e+00 6.978172994305e+00 6.978245493888e+00 6.978151098740e+00 6.978277996386e+00 6.978215877323e+00 
              4410 6.977995428815e+00 6.978053041075e+00 6.978062345476e+00 6.978093958284e+00 6.978059002174e+00 6.978121532058e+00 6.978100995811e+00 
              4420 6.977868623582e+00 6.977922964943e+00 6.977939501055e+00 6.977959349049e+00 6.977941505866e+00 6.977985527839e+00 6.977976972622e+00 
              4430 6.977739345882e+00 6.977794648896e+00 6.977809417493e+00 6.977832259709e+00 6.977810079659e+00 6.977858833686e+00 6.977847258248e+00 
              4440 6.977610026198e+00 6.977665916887e+00 6.977679707457e+00 6.977704247445e+00 6.977679614457e+00 6.977731058650e+00 6.977717780821e+00 
              4450 6.977480934806e+00 6.977536391511e+00 6.977551371833e+00 6.977574052416e+00 6.977552135586e+00 6.977600668768e+00 6.977589302359e+00 
              4460 6.977349391534e+00 6.977409315267e+00 6.977415064300e+00 6.977452975197e+00 6.977408939916e+00 6.977481467523e+00 6.977454647592e+00 
              4470 6.977220875152e+00 6.977278022020e+00 6.977289930046e+00 6.977317828190e+00 6.977288356837e+00 6.977345136798e+00 6.977328512584e+00 
              4480 6.977087331442e+00 6.977153884078e+00 6.977146058576e+00 6.977206407481e+00 6.977129794945e+00 6.977237674390e+00 6.977188101038e+00 
              4490 6.976958911067e+00 6.977020137645e+00 6.977023880931e+00 6.977065342288e+00 6.977016189027e+00 6.977094349808e+00 6.977063987760e+00 
              4500 6.976823527142e+00 6.976900478862e+00 6.976871052539e+00 6.976966995798e+00 6.976838690848e+00 6.977002622999e+00 6.976916933812e+00 
              4510 6.976690524165e+00 6.976775885391e+00 6.976728836743e+00 6.976853764223e+00 6.976683359320e+00 6.976892919818e+00 6.976777809587e+00 
              4520 6.976560297381e+00 6.976642860499e+00 6.976601994571e+00 6.976716860972e+00 6.976561090215e+00 6.976754824629e+00 6.976649959918e+00 
              4530 6.976431417710e+00 6.976505565362e+00 6.976482815827e+00 6.976568050046e+00 6.976455348639e+00 6.976602455547e+00 6.976527713129e+00 
              4540 6.976298521992e+00 6.976378392806e+00 6.976343714262e+00 6.976448588585e+00 6.976307365294e+00 6.976485391140e+00 6.976390722519e+00 
              4550 6.976171502562e+00 6.976236285513e+00 6.976233885465e+00 6.976285902270e+00 6.976221489309e+00 6.976316342098e+00 6.976275381697e+00 
              4560 6.976037556467e+00 6.976108866475e+00 6.976092823437e+00 6.976167287233e+00 6.976070274227e+00 6.976200462621e+00 6.976136724366e+00 
              4570 6.975910161200e+00 6.975968865034e+00 6.975979815684e+00 6.976010089211e+00 6.975977289450e+00 6.976037950889e+00 6.976019111950e+00 
              4580 6.975779598912e+00 6.975835188550e+00 6.975852965592e+00 6.975872118487e+00 6.975855485594e+00 6.975898661261e+00 6.975891134013e+00 
              4590 6.975646544269e+00 6.975703230274e+00 6.975718888855e+00 6.975741586957e+00 6.975719814244e+00 6.975768581763e+00 6.975757471525e+00 
              4600 6.975512538012e+00 6.975572036809e+00 6.975581928711e+00 6.975614152588e+00 6.975578551971e+00 6.975642320410e+00 6.975621554398e+00 
              4610 6.975381273198e+00 6.975437893783e+00 6.975454099353e+00 6.975476040073e+00 6.975455388109e+00 6.975502989857e+00 6.975492682717e+00 
              4620 6.975246304876e+00 6.975307067299e+00 6.975314676527e+00 6.975350779725e+00 6.975309564464e+00 6.975379460475e+00 6.975354790684e+00 
              4630 6.975114269364e+00 6.975172517064e+00 6.975185661995e+00 6.975212755259e+00 6.975184638191e+00 6.975240371231e+00 6.975224865673e+00 
              4640 6.974976946294e+00 6.975045500312e+00 6.975036953795e+00 6.975099676797e+00 6.975019813880e+00 6.975131609033e+00 6.975079947973e+00 
              4650 6.974845542611e+00 6.974907821624e+00 6.974912790155e+00 6.974953418798e+00 6.974905659886e+00 6.974982708157e+00 6.974953493607e+00 
              4660 6.974706744421e+00 6.974785036493e+00 6.974756191153e+00 6.974852320994e+00 6.974723954562e+00 6.974888315934e+00 6.974802778539e+00 
              4670 6.974575836801e+00 6.974644188602e+00 6.974636632092e+00 6.974697918984e+00 6.974620173300e+00 6.974729736930e+00 6.974679585719e+00 
              4680 6.974437128431e+00 6.974521794247e+00 6.974479785040e+00 6.974597618635e+00 6.974437750574e+00 6.974636260122e+00 6.974528730628e+00 
              4690 6.974304966664e+00 6.974381832894e+00 6.974356562501e+00 6.974447010778e+00 6.974326929906e+00 6.974482373758e+00 6.974402657394e+00 
              4700 6.974168960743e+00 6.974251733231e+00 6.974214099936e+00 6.974324874286e+00 6.974175282299e+00 6.974362699046e+00 6.974262371828e+00 
              4710 6.974039554319e+00 6.974105197021e+00 6.974104096536e+00 6.974155034813e+00 6.974092357953e+00 6.974185679867e+00 6.974146096093e+00 
              4720 6.973902325921e+00 6.973975431176e+00 6.973958659680e+00 6.974035343888e+00 6.973935284275e+00 6.974069102388e+00 6.974003406564e+00 
              4730 6.973772262733e+00 6.973832166149e+00 6.973843578756e+00 6.973874115679e+00 6.973841085333e+00 6.973902343015e+00 6.973883492370e+00 
              4740 6.973635039689e+00 6.973700360973e+00 6.973700437701e+00 6.973749611125e+00 6.973689523594e+00 6.973780096198e+00 6.973742348443e+00 
              4750 6.973503255192e+00 6.973560999201e+00 6.973577314056e+00 6.973599922961e+00 6.973578421570e+00 6.973627232618e+00 6.973616453700e+00 
              4760 6.973366629618e+00 6.973426814763e+00 6.973438105969e+00 6.973469001872e+00 6.973435473442e+00 6.973497324446e+00 6.973478150108e+00 
              4770 6.973232656462e+00 6.973290034383e+00 6.973307434524e+00 6.973328368596e+00 6.973309313808e+00 6.973355511410e+00 6.973346457447e+00 
              4780 6.973094743988e+00 6.973156699314e+00 6.973164537355e+00 6.973201195392e+00 6.973159314269e+00 6.973230243002e+00 6.973205249619e+00 
              4790 6.972960263442e+00 6.973019342318e+00 6.973033431697e+00 6.973059892607e+00 6.973032826029e+00 6.973087732085e+00 6.973073095958e+00 
              4800 6.972824598700e+00 6.972883192616e+00 6.972898456949e+00 6.972923040963e+00 6.972898706560e+00 6.972950670823e+00 6.972937950525e+00 
              4810 6.972686736579e+00 6.972749441881e+00 6.972756126075e+00 6.972794820727e+00 6.972750003831e+00 6.972824159263e+00 6.972797138039e+00 
              4820 6.972545269028e+00 6.972624218552e+00 6.972596582296e+00 6.972691575824e+00 6.972565019481e+00 6.972727679298e+00 6.972643566841e+00 
              4830 6.972411639999e+00 6.972481550970e+00 6.972473228659e+00 6.972536610821e+00 6.972455962020e+00 6.972568938310e+00 6.972516902333e+00 
              4840 6.972270060695e+00 6.972357992484e+00 6.972311582139e+00 6.972437437111e+00 6.972266088694e+00 6.972477261286e+00 6.972361879333e+00 
              4850 6.972136104015e+00 6.972214039087e+00 6.972188971362e+00 6.972279887837e+00 6.972159276461e+00 6.972315538625e+00 6.972235604122e+00 
              4860 6.971997568982e+00 6.972082163382e+00 6.972043103497e+00 6.972156995114e+00 6.972003034674e+00 6.972195408485e+00 6.972092189829e+00 
              4870 6.971861434426e+00 6.971943590385e+00 6.971909831825e+00 6.972015075428e+00 6.971873679224e+00 6.972052465041e+00 6.971958031484e+00 
              4880 6.971726437778e+00 6.971801807921e+00 6.971782570755e+00 6.971864055995e+00 6.971757160762e+00 6.971898613020e+00 6.971828284053e+00 
              4890 6.971594510573e+00 6.971655528639e+00 6.971666851321e+00 6.971698295441e+00 6.971664055846e+00 6.971726875796e+00 6.971707299387e+00 
              4900 6.971455264321e+00 6.971521239464e+00 6.971522173084e+00 6.971570682190e+00 6.971511674296e+00 6.971601317155e+00 6.971564448880e+00 
              4910 6.971321493269e+00 6.971379728696e+00 6.971397192521e+00 6.971418652973e+00 6.971398917663e+00 6.971446064459e+00 6.971436630963e+00 
              4920 6.971182520503e+00 6.971243563188e+00 6.971255192909e+00 6.971286252161e+00 6.971252587532e+00 6.971314824254e+00 6.971295668862e+00 
              4930 6.971046595135e+00 6.971104664046e+00 6.971122713101e+00 6.971143291629e+00 6.971124846375e+00 6.971170622822e+00 6.971162102577e+00 
              4940 6.970908355865e+00 6.970967546438e+00 6.970983331083e+00 6.971007657432e+00 6.970983776542e+00 6.971035448770e+00 6.971023138422e+00 
              4950 6.970770482803e+00 6.970829968294e+00 6.970845238541e+00 6.970870444511e+00 6.970845291478e+00 6.970898352816e+00 6.970885160360e+00 
              4960 6.970632868482e+00 6.970691847896e+00 6.970708300864e+00 6.970731604929e+00 6.970709217149e+00 6.970759297387e+00 6.970748041475e+00 
              4970 6.970492814357e+00 6.970556314334e+00 6.970563291616e+00 6.970602156707e+00 6.970557186489e+00 6.970631719023e+00 6.970604700691e+00 
              4980 6.970348943183e+00 6.970430306611e+00 6.970399525613e+00 6.970500292762e+00 6.970365477914e+00 6.970537253420e+00 6.970447508304e+00 
              4990 6.970214001655e+00 6.970284434835e+00 6.970276927099e+00 6.970339592995e+00 6.970260086826e+00 6.970372016478e+00 6.970320896362e+00 
              5000 6.970077858095e+00 6.970142285103e+00 6.970147611115e+00 6.970189282969e+00 6.970140253123e+00 6.970219210783e+00 6.970189375608e+00 
