#             steps          E_total_1          E_total_2          E_total_3          E_total_4          E_total_5          E_total_6          E_total_7          E_total_8 
#                <>                <J>                <J>                <J>                <J>                <J>                <J>                <J>                <J> 
                 0 -1.308109356292e-18 -1.286813755484e-18 -1.240705413505e-18 -1.204823262326e-18 -1.206622300182e-18 -1.247689002114e-18 -1.301235522334e-18 -1.327104000000e-18 
                10 -1.308109356292e-18 -1.298408796268e-18 -1.272564629129e-18 -1.232998245716e-18 -1.214520175651e-18 -1.268296256436e-18 -1.310547601928e-18 -1.327104000000e-18 
                20 -1.308109356292e-18 -1.301793969534e-18 -1.284298620580e-18 -1.254250997437e-18 -1.220310838219e-18 -1.274336194066e-18 -1.312692647588e-18 -1.327104000000e-18 
                30 -1.308109356292e-18 -1.303188379598e-18 -1.288961356429e-18 -1.260184285525e-18 -1.221114749330e-18 -1.274858873643e-18 -1.313113718508e-18 -1.327104000000e-18 
                40 -1.308109356292e-18 -1.304041053997e-18 -1.291749160573e-18 -1.262048991217e-18 -1.220393763998e-18 -1.274816062102e-18 -1.313366713602e-18 -1.327104000000e-18 
                50 -1.308109356292e-18 -1.304496251327e-18 -1.293226078939e-18 -1.262559049671e-18 -1.220197970026e-18 -1.275067675161e-18 -1.313667755886e-18 -1.327104000000e-18 
                60 -1.308109356292e-18 -1.304731737805e-18 -1.293979696602e-18 -1.262805095744e-18 -1.220258273893e-18 -1.275354874653e-18 -1.313921372301e-18 -1.327104000000e-18 
                70 -1.308109356292e-18 -1.304867263461e-18 -1.294409301704e-18 -1.263052713988e-18 -1.220300419816e-18 -1.275544561328e-18 -1.314102838946e-18 -1.327104000000e-18 
                80 -1.308109356292e-18 -1.304951904755e-18 -1.294678749227e-18 -1.263310595325e-18 -1.220287179890e-18 -1.275639123887e-18 -1.314223118189e-18 -1.327104000000e-18 
                90 -1.308109356292e-18 -1.305008810762e-18 -1.294863026958e-18 -1.263557589030e-18 -1.220237158167e-18 -1.275669361250e-18 -1.314299882318e-18 -1.327104000000e-18 
               100 -1.308109356292e-18 -1.305049416389e-18 -1.294997947824e-18 -1.263782913237e-18 -1.220168368299e-18 -1.275659013158e-18 -1.314346552911e-18 -1.327104000000e-18 
               110 -1.308109356292e-18 -1.305079340061e-18 -1.295100464848e-18 -1.263980906158e-18 -1.220093067692e-18 -1.275623509745e-18 -1.314371694238e-18 -1.327104000000e-18 
               120 -1.308109356292e-18 -1.305101265527e-18 -1.295177931739e-18 -1.264145523611e-18 -1.220021781267e-18 -1.275574804514e-18 -1.314381571330e-18 -1.327104000000e-18 
               130 -1.308109356292e-18 -1.305118250766e-18 -1.295239813293e-18 -1.264284419728e-18 -1.219955724866e-18 -1.275519119412e-18 -1.314381316482e-18 -1.327104000000e-18 
               140 -1.308109356292e-18 -1.305131006207e-18 -1.295287429109e-18 -1.264394838220e-18 -1.219901084265e-18 -1.275462770789e-18 -1.314374760403e-18 -1.327104000000e-18 
               150 -1.308109356292e-18 -1.305141076163e-18 -1.295325909939e-18 -1.264483876775e-18 -1.219855410661e-18 -1.275407315909e-18 -1.314363783182e-18 -1.327104000000e-18 
               160 -1.308109356292e-18 -1.305148758817e-18 -1.295355677296e-18 -1.264551358341e-18 -1.219821541296e-18 -1.275355517393e-18 -1.314350675043e-18 -1.327104000000e-18 
               170 -1.308109356292e-18 -1.305154580508e-18 -1.295378404994e-18 -1.264599981406e-18 -1.219798692443e-18 -1.275308337293e-18 -1.314336562529e-18 -1.327104000000e-18 
               180 -1.308109356292e-18 -1.305159052504e-18 -1.295395937655e-18 -1.264632663444e-18 -1.219785152366e-18 -1.275264860310e-18 -1.314321407563e-18 -1.327104000000e-18 
               190 -1.308109356292e-18 -1.305162262581e-18 -1.295408407466e-18 -1.264649585616e-18 -1.219781316247e-18 -1.275225828723e-18 -1.314306038878e-18 -1.327104000000e-18 
               200 -1.308109356292e-18 -1.305164347120e-18 -1.295416193467e-18 -1.264652046738e-18 -1.219786756920e-18 -1.275191300509e-18 -1.314291165360e-18 -1.327104000000e-18 
               210 -1.308109356292e-18 -1.305165502802e-18 -1.295420095992e-18 -1.264640709203e-18 -1.219800359429e-18 -1.275160133620e-18 -1.314276245439e-18 -1.327104000000e-18 
               220 -1.308109356292e-18 -1.305165795204e-18 -1.295420327517e-18 -1.264615235181e-18 -1.219822043854e-18 -1.275131476580e-18 -1.314261073644e-18 -1.327104000000e-18 
               230 -1.308109356292e-18 -1.305165270040e-18 -1.295417044630e-18 -1.264576321998e-18 -1.219851008296e-18 -1.275105301457e-18 -1.314246021286e-18 -1.327104000000e-18 
               240 -1.308109356292e-18 -1.305163962865e-18 -1.295410391625e-18 -1.264523185838e-18 -1.219887080527e-18 -1.275080653191e-18 -1.314230669395e-18 -1.327104000000e-18 
               250 -1.308109356292e-18 -1.305161870871e-18 -1.295400355433e-18 -1.264454711433e-18 -1.219930205281e-18 -1.275056810090e-18 -1.314214716693e-18 -1.327104000000e-18 
               260 -1.308109356292e-18 -1.305158975661e-18 -1.295386876277e-18 -1.264369613402e-18 -1.219980222347e-18 -1.275033219426e-18 -1.314197884557e-18 -1.327104000000e-18 
               270 -1.308109356292e-18 -1.305155309722e-18 -1.295370072527e-18 -1.264268115154e-18 -1.220036490155e-18 -1.275009349789e-18 -1.314180231052e-18 -1.327104000000e-18 
               280 -1.308109356292e-18 -1.305150921457e-18 -1.295350091614e-18 -1.264150763271e-18 -1.220098538461e-18 -1.274984429600e-18 -1.314161841360e-18 -1.327104000000e-18 
               290 -1.308109356292e-18 -1.305145632151e-18 -1.295326284442e-18 -1.264011955801e-18 -1.220167389608e-18 -1.274957919312e-18 -1.314141633566e-18 -1.327104000000e-18 
               300 -1.308109356292e-18 -1.305139513781e-18 -1.295298886132e-18 -1.263852995242e-18 -1.220242140680e-18 -1.274929259166e-18 -1.314119917448e-18 -1.327104000000e-18 
               310 -1.308109356292e-18 -1.305132512651e-18 -1.295267680408e-18 -1.263671715195e-18 -1.220322774457e-18 -1.274897955199e-18 -1.314096347686e-18 -1.327104000000e-18 
               320 -1.308109356292e-18 -1.305124491992e-18 -1.295232076285e-18 -1.263463763191e-18 -1.220410062377e-18 -1.274863197882e-18 -1.314070348081e-18 -1.327104000000e-18 
               330 -1.308109356292e-18 -1.305115315771e-18 -1.295191462767e-18 -1.263224708126e-18 -1.220504620791e-18 -1.274824110894e-18 -1.314041418622e-18 -1.327104000000e-18 
               340 -1.308109356292e-18 -1.305104942030e-18 -1.295145643152e-18 -1.262952401597e-18 -1.220605882647e-18 -1.274780263871e-18 -1.314009358665e-18 -1.327104000000e-18 
               350 -1.308109356292e-18 -1.305093439145e-18 -1.295094848558e-18 -1.262647528603e-18 -1.220712500258e-18 -1.274731429029e-18 -1.313974364693e-18 -1.327104000000e-18 
               360 -1.308109356292e-18 -1.305080876287e-18 -1.295039274886e-18 -1.262310812395e-18 -1.220823390569e-18 -1.274677250532e-18 -1.313936668852e-18 -1.327104000000e-18 
               370 -1.308109356292e-18 -1.305067113972e-18 -1.294978328719e-18 -1.261937228344e-18 -1.220938442450e-18 -1.274617329287e-18 -1.313895670850e-18 -1.327104000000e-18 
               380 -1.308109356292e-18 -1.305051850921e-18 -1.294910622666e-18 -1.261517065573e-18 -1.221058865521e-18 -1.274550205580e-18 -1.313850396262e-18 -1.327104000000e-18 
               390 -1.308109356292e-18 -1.305041915416e-18 -1.294880288000e-18 -1.261501465796e-18 -1.221432027727e-18 -1.274613916429e-18 -1.313836549397e-18 -1.327104000000e-18 
               400 -1.308109356292e-18 -1.305034232394e-18 -1.294860907941e-18 -1.261530205628e-18 -1.221844222202e-18 -1.274708276301e-18 -1.313831341387e-18 -1.327104000000e-18 
               410 -1.308109356292e-18 -1.305025966014e-18 -1.294837620974e-18 -1.261529255967e-18 -1.222254575521e-18 -1.274798548847e-18 -1.313824282028e-18 -1.327104000000e-18 
               420 -1.308109356292e-18 -1.305016951214e-18 -1.294810177774e-18 -1.261499400043e-18 -1.222655342582e-18 -1.274882691747e-18 -1.313815215523e-18 -1.327104000000e-18 
               430 -1.308109356292e-18 -1.305007218722e-18 -1.294778991536e-18 -1.261442516947e-18 -1.223043931806e-18 -1.274959330061e-18 -1.313804026005e-18 -1.327104000000e-18 
               440 -1.308109356292e-18 -1.304996580689e-18 -1.294743540547e-18 -1.261357238827e-18 -1.223428280772e-18 -1.275029396514e-18 -1.313790394230e-18 -1.327104000000e-18 
               450 -1.308109356292e-18 -1.304985258969e-18 -1.294704539463e-18 -1.261244214578e-18 -1.223801056309e-18 -1.275091379687e-18 -1.313774491481e-18 -1.327104000000e-18 
               460 -1.308109356292e-18 -1.304973508210e-18 -1.294662810221e-18 -1.261105668326e-18 -1.224156735946e-18 -1.275144608381e-18 -1.313756659598e-18 -1.327104000000e-18 
               470 -1.308109356292e-18 -1.304961766648e-18 -1.294619929403e-18 -1.260947449546e-18 -1.224486405914e-18 -1.275188721704e-18 -1.313737553682e-18 -1.327104000000e-18 
               480 -1.308109356292e-18 -1.304949526960e-18 -1.294573772555e-18 -1.260762864948e-18 -1.224809212915e-18 -1.275226093677e-18 -1.313716544529e-18 -1.327104000000e-18 
               490 -1.308109356292e-18 -1.304937353976e-18 -1.294526303116e-18 -1.260559451087e-18 -1.225113288203e-18 -1.275255956205e-18 -1.313694490186e-18 -1.327104000000e-18 
               500 -1.308109356292e-18 -1.304925459240e-18 -1.294478187176e-18 -1.260340812471e-18 -1.225397856087e-18 -1.275278985570e-18 -1.313671764755e-18 -1.327104000000e-18 
               510 -1.308109356292e-18 -1.304913999998e-18 -1.294429897552e-18 -1.260109844033e-18 -1.225663508990e-18 -1.275296043496e-18 -1.313648628783e-18 -1.327104000000e-18 
               520 -1.308109356292e-18 -1.304903121898e-18 -1.294381838207e-18 -1.259869326914e-18 -1.225911136877e-18 -1.275307866875e-18 -1.313625336420e-18 -1.327104000000e-18 
               530 -1.308109356292e-18 -1.304892868116e-18 -1.294333871100e-18 -1.259619571559e-18 -1.226144112298e-18 -1.275314968877e-18 -1.313601952566e-18 -1.327104000000e-18 
               540 -1.308109356292e-18 -1.304883604351e-18 -1.294287613757e-18 -1.259369010046e-18 -1.226357056700e-18 -1.275318290648e-18 -1.313579086038e-18 -1.327104000000e-18 
               550 -1.308109356292e-18 -1.304875127688e-18 -1.294241574017e-18 -1.259111164557e-18 -1.226559209628e-18 -1.275317908318e-18 -1.313556254489e-18 -1.327104000000e-18 
               560 -1.308109356292e-18 -1.304867919955e-18 -1.294198310525e-18 -1.258859980683e-18 -1.226741187607e-18 -1.275314933825e-18 -1.313534457219e-18 -1.327104000000e-18 
               570 -1.308109356292e-18 -1.304861694188e-18 -1.294155608058e-18 -1.258604155606e-18 -1.226914294633e-18 -1.275309098766e-18 -1.313512791081e-18 -1.327104000000e-18 
               580 -1.308109356292e-18 -1.304856754961e-18 -1.294115118574e-18 -1.258353342537e-18 -1.227073115405e-18 -1.275301117315e-18 -1.313491936458e-18 -1.327104000000e-18 
               590 -1.308109356292e-18 -1.304853200488e-18 -1.294077804611e-18 -1.258113810537e-18 -1.227215386646e-18 -1.275291810438e-18 -1.313472237883e-18 -1.327104000000e-18 
               600 -1.308109356292e-18 -1.304850915730e-18 -1.294041919238e-18 -1.257875750220e-18 -1.227349189921e-18 -1.275280514183e-18 -1.313452939483e-18 -1.327104000000e-18 
               610 -1.308109356292e-18 -1.304850020337e-18 -1.294009309201e-18 -1.257651000480e-18 -1.227468543653e-18 -1.275268348369e-18 -1.313434801078e-18 -1.327104000000e-18 
               620 -1.308109356292e-18 -1.304850488584e-18 -1.293978565816e-18 -1.257430894558e-18 -1.227579668870e-18 -1.275254669312e-18 -1.313417122765e-18 -1.327104000000e-18 
               630 -1.308109356292e-18 -1.304852306822e-18 -1.293950810165e-18 -1.257223302208e-18 -1.227679232287e-18 -1.275240241691e-18 -1.313400398970e-18 -1.327104000000e-18 
               640 -1.308109356292e-18 -1.304855496793e-18 -1.293925374461e-18 -1.257023886774e-18 -1.227770377876e-18 -1.275224720100e-18 -1.313384237324e-18 -1.327104000000e-18 
               650 -1.308109356292e-18 -1.304859998067e-18 -1.293902623160e-18 -1.256835589418e-18 -1.227852372220e-18 -1.275208441019e-18 -1.313368784201e-18 -1.327104000000e-18 
               660 -1.308109356292e-18 -1.304865770106e-18 -1.293882468302e-18 -1.256658127613e-18 -1.227926029193e-18 -1.275191431727e-18 -1.313353955215e-18 -1.327104000000e-18 
               670 -1.308109356292e-18 -1.304872853144e-18 -1.293864645139e-18 -1.256489571093e-18 -1.227992776994e-18 -1.275173444835e-18 -1.313339550423e-18 -1.327104000000e-18 
               680 -1.308109356292e-18 -1.304880995311e-18 -1.293849560702e-18 -1.256333881296e-18 -1.228051350145e-18 -1.275155134622e-18 -1.313325815734e-18 -1.327104000000e-18 
               690 -1.308109356292e-18 -1.304890428071e-18 -1.293836594658e-18 -1.256185772706e-18 -1.228104494494e-18 -1.275135645216e-18 -1.313312316497e-18 -1.327104000000e-18 
               700 -1.308109356292e-18 -1.304900733994e-18 -1.293826190870e-18 -1.256049999361e-18 -1.228150475185e-18 -1.275116004993e-18 -1.313299364906e-18 -1.327104000000e-18 
               710 -1.308109356292e-18 -1.304912254865e-18 -1.293817794382e-18 -1.255921435958e-18 -1.228191920579e-18 -1.275095049212e-18 -1.313286574935e-18 -1.327104000000e-18 
               720 -1.308109356292e-18 -1.304924410531e-18 -1.293811753418e-18 -1.255804454817e-18 -1.228227001764e-18 -1.275074242967e-18 -1.313274208817e-18 -1.327104000000e-18 
               730 -1.308109356292e-18 -1.304937662894e-18 -1.293807586701e-18 -1.255694235650e-18 -1.228258280298e-18 -1.275052065116e-18 -1.313261946246e-18 -1.327104000000e-18 
               740 -1.308109356292e-18 -1.304951494140e-18 -1.293805445174e-18 -1.255593378750e-18 -1.228284536212e-18 -1.275029819683e-18 -1.313249918876e-18 -1.327104000000e-18 
               750 -1.308109356292e-18 -1.304966122858e-18 -1.293805090558e-18 -1.255499645970e-18 -1.228307108742e-18 -1.275006661172e-18 -1.313237998938e-18 -1.327104000000e-18 
               760 -1.308109356292e-18 -1.304981305227e-18 -1.293806469479e-18 -1.255413396573e-18 -1.228325840193e-18 -1.274983106647e-18 -1.313226194326e-18 -1.327104000000e-18 
               770 -1.308109356292e-18 -1.304997014381e-18 -1.293809454340e-18 -1.255333883883e-18 -1.228341196558e-18 -1.274959047225e-18 -1.313214464111e-18 -1.327104000000e-18 
               780 -1.308109356292e-18 -1.305013015939e-18 -1.293813894392e-18 -1.255261236467e-18 -1.228353320719e-18 -1.274934814761e-18 -1.313202874934e-18 -1.327104000000e-18 
               790 -1.308109356292e-18 -1.305029913647e-18 -1.293819837661e-18 -1.255192586205e-18 -1.228363247962e-18 -1.274909078846e-18 -1.313191086500e-18 -1.327104000000e-18 
               800 -1.308109356292e-18 -1.305046869105e-18 -1.293827008537e-18 -1.255130262481e-18 -1.228370341926e-18 -1.274883451882e-18 -1.313179450049e-18 -1.327104000000e-18 
               810 -1.308109356292e-18 -1.305064121047e-18 -1.293835371807e-18 -1.255072759573e-18 -1.228375190660e-18 -1.274857353856e-18 -1.313167813107e-18 -1.327104000000e-18 
               820 -1.308109356292e-18 -1.305081769670e-18 -1.293844912178e-18 -1.255019269370e-18 -1.228378067578e-18 -1.274830540929e-18 -1.313156081534e-18 -1.327104000000e-18 
               830 -1.308109356292e-18 -1.305099822516e-18 -1.293855591778e-18 -1.254969395541e-18 -1.228379153019e-18 -1.274802927370e-18 -1.313144224053e-18 -1.327104000000e-18 
               840 -1.308109356292e-18 -1.305118092563e-18 -1.293867254367e-18 -1.254923257238e-18 -1.228378606646e-18 -1.274774740402e-18 -1.313132335488e-18 -1.327104000000e-18 
               850 -1.308109356292e-18 -1.305136269586e-18 -1.293879691525e-18 -1.254880808231e-18 -1.228376360570e-18 -1.274746702288e-18 -1.313120461226e-18 -1.327104000000e-18 
               860 -1.308109356292e-18 -1.305154455076e-18 -1.293892873904e-18 -1.254841484783e-18 -1.228372729554e-18 -1.274718488178e-18 -1.313108571275e-18 -1.327104000000e-18 
               870 -1.308109356292e-18 -1.305172751986e-18 -1.293906804724e-18 -1.254804816929e-18 -1.228367934226e-18 -1.274689808195e-18 -1.313096623295e-18 -1.327104000000e-18 
               880 -1.308109356292e-18 -1.305190582555e-18 -1.293921288094e-18 -1.254776036908e-18 -1.228364791429e-18 -1.274662592854e-18 -1.313085039189e-18 -1.327104000000e-18 
               890 -1.308109356292e-18 -1.305209691523e-18 -1.293941478278e-18 -1.254784842790e-18 -1.228378852006e-18 -1.274645023986e-18 -1.313076440148e-18 -1.327104000000e-18 
               900 -1.308109356292e-18 -1.305228889505e-18 -1.293962596694e-18 -1.254796636960e-18 -1.228391012193e-18 -1.274627585016e-18 -1.313068081749e-18 -1.327104000000e-18 
               910 -1.308109356292e-18 -1.305247787264e-18 -1.293983819190e-18 -1.254809196698e-18 -1.228401087139e-18 -1.274610178759e-18 -1.313059700096e-18 -1.327104000000e-18 
               920 -1.308109356292e-18 -1.305266312759e-18 -1.294005022524e-18 -1.254822351117e-18 -1.228409337165e-18 -1.274592778764e-18 -1.313051334963e-18 -1.327104000000e-18 
               930 -1.308109356292e-18 -1.305285221942e-18 -1.294026996786e-18 -1.254836972717e-18 -1.228416590390e-18 -1.274574237509e-18 -1.313042795748e-18 -1.327104000000e-18 
               940 -1.308109356292e-18 -1.305303583571e-18 -1.294048754277e-18 -1.254851765918e-18 -1.228422208071e-18 -1.274555890912e-18 -1.313034304172e-18 -1.327104000000e-18 
               950 -1.308109356292e-18 -1.305321777783e-18 -1.294070674506e-18 -1.254867107157e-18 -1.228426689829e-18 -1.274537180249e-18 -1.313025770494e-18 -1.327104000000e-18 
               960 -1.308109356292e-18 -1.305339985333e-18 -1.294092955941e-18 -1.254883083958e-18 -1.228430231130e-18 -1.274517897152e-18 -1.313017118743e-18 -1.327104000000e-18 
               970 -1.308109356292e-18 -1.305358203754e-18 -1.294115579006e-18 -1.254899654523e-18 -1.228432961528e-18 -1.274498014564e-18 -1.313008360369e-18 -1.327104000000e-18 
               980 -1.308109356292e-18 -1.305375843431e-18 -1.294137846509e-18 -1.254915906910e-18 -1.228434654058e-18 -1.274478478701e-18 -1.312999664541e-18 -1.327104000000e-18 
               990 -1.308109356292e-18 -1.305393609060e-18 -1.294160538336e-18 -1.254932839562e-18 -1.228435864762e-18 -1.274458143132e-18 -1.312990857787e-18 -1.327104000000e-18 
              1000 -1.308109356292e-18 -1.305411009662e-18 -1.294183071580e-18 -1.254949648157e-18 -1.228436380446e-18 -1.274437855185e-18 -1.312982069848e-18 -1.327104000000e-18 
              1010 -1.308109356292e-18 -1.305428065035e-18 -1.294205459076e-18 -1.254966233844e-18 -1.228436238698e-18 -1.274417685613e-18 -1.312973273449e-18 -1.327104000000e-18 
              1020 -1.308109356292e-18 -1.305444795303e-18 -1.294227697048e-18 -1.254982602149e-18 -1.228435548094e-18 -1.274397613945e-18 -1.312964479107e-18 -1.327104000000e-18 
              1030 -1.308109356292e-18 -1.305461062621e-18 -1.294249575794e-18 -1.254998588491e-18 -1.228434397509e-18 -1.274377830907e-18 -1.312955772990e-18 -1.327104000000e-18 
              1040 -1.308109356292e-18 -1.305477534789e-18 -1.294271914930e-18 -1.255015140351e-18 -1.228433077985e-18 -1.274357244714e-18 -1.312946931228e-18 -1.327104000000e-18 
              1050 -1.308109356292e-18 -1.305493693917e-18 -1.294294052534e-18 -1.255031485777e-18 -1.228431457008e-18 -1.274336729002e-18 -1.312938140555e-18 -1.327104000000e-18 
              1060 -1.308109356292e-18 -1.305509236108e-18 -1.294315593961e-18 -1.255047073944e-18 -1.228429421565e-18 -1.274316906532e-18 -1.312929488937e-18 -1.327104000000e-18 
              1070 -1.308109356292e-18 -1.305524631949e-18 -1.294337107348e-18 -1.255062666802e-18 -1.228427238042e-18 -1.274296916352e-18 -1.312920850028e-18 -1.327104000000e-18 
              1080 -1.308109356292e-18 -1.305539929397e-18 -1.294358661282e-18 -1.255078250692e-18 -1.228424882343e-18 -1.274276753902e-18 -1.312912181108e-18 -1.327104000000e-18 
              1090 -1.308109356292e-18 -1.305554939805e-18 -1.294379990554e-18 -1.255093567583e-18 -1.228422361633e-18 -1.274256732831e-18 -1.312903572564e-18 -1.327104000000e-18 
              1100 -1.308109356292e-18 -1.305569650408e-18 -1.294401064958e-18 -1.255108586015e-18 -1.228419698997e-18 -1.274236896071e-18 -1.312895035799e-18 -1.327104000000e-18 
              1110 -1.308109356292e-18 -1.305584234993e-18 -1.294422109211e-18 -1.255123542395e-18 -1.228416946580e-18 -1.274216960810e-18 -1.312886502954e-18 -1.327104000000e-18 
              1120 -1.308109356292e-18 -1.305598344379e-18 -1.294442635946e-18 -1.255137931865e-18 -1.228414064895e-18 -1.274197550508e-18 -1.312878128316e-18 -1.327104000000e-18 
              1130 -1.308109356292e-18 -1.305612453298e-18 -1.294463279191e-18 -1.255152457519e-18 -1.228411179572e-18 -1.274177817600e-18 -1.312869727188e-18 -1.327104000000e-18 
              1140 -1.308109356292e-18 -1.305626030255e-18 -1.294483314545e-18 -1.255166261034e-18 -1.228408136278e-18 -1.274158802518e-18 -1.312861496932e-18 -1.327104000000e-18 
              1150 -1.308109356292e-18 -1.305639624785e-18 -1.294503457383e-18 -1.255180312726e-18 -1.228405203997e-18 -1.274139364666e-18 -1.312853278986e-18 -1.327104000000e-18 
              1160 -1.308109356292e-18 -1.305652834400e-18 -1.294523171146e-18 -1.255193870454e-18 -1.228402186384e-18 -1.274120387147e-18 -1.312845189027e-18 -1.327104000000e-18 
              1170 -1.308109356292e-18 -1.305665705245e-18 -1.294542522508e-18 -1.255206933938e-18 -1.228399044635e-18 -1.274101860992e-18 -1.312837186707e-18 -1.327104000000e-18 
              1180 -1.308109356292e-18 -1.305678279955e-18 -1.294561552128e-18 -1.255219610286e-18 -1.228395838358e-18 -1.274083677553e-18 -1.312829277664e-18 -1.327104000000e-18 
              1190 -1.308109356292e-18 -1.305690711275e-18 -1.294580436902e-18 -1.255232282534e-18 -1.228392745174e-18 -1.274065412860e-18 -1.312821463461e-18 -1.327104000000e-18 
              1200 -1.308109356292e-18 -1.305702705741e-18 -1.294598805793e-18 -1.255244246548e-18 -1.228389479443e-18 -1.274047881401e-18 -1.312813768595e-18 -1.327104000000e-18 
              1210 -1.308109356292e-18 -1.305714696790e-18 -1.294617213680e-18 -1.255256433688e-18 -1.228386381556e-18 -1.274029998245e-18 -1.312806121914e-18 -1.327104000000e-18 
              1220 -1.308109356292e-18 -1.305726177395e-18 -1.294634971646e-18 -1.255267858994e-18 -1.228383163253e-18 -1.274012960534e-18 -1.312798659418e-18 -1.327104000000e-18 
              1230 -1.308109356292e-18 -1.305737531836e-18 -1.294652596932e-18 -1.255279242779e-18 -1.228380027855e-18 -1.273995898479e-18 -1.312791273152e-18 -1.327104000000e-18 
              1240 -1.308109356292e-18 -1.305748786364e-18 -1.294670139707e-18 -1.255290549498e-18 -1.228376915198e-18 -1.273978833252e-18 -1.312783922728e-18 -1.327104000000e-18 
              1250 -1.308109356292e-18 -1.305759849764e-18 -1.294687459829e-18 -1.255301659159e-18 -1.228373827724e-18 -1.273961934138e-18 -1.312776658249e-18 -1.327104000000e-18 
              1260 -1.308109356292e-18 -1.305770541044e-18 -1.294704284711e-18 -1.255312306284e-18 -1.228370743695e-18 -1.273945563879e-18 -1.312769567735e-18 -1.327104000000e-18 
              1270 -1.308109356292e-18 -1.305781189926e-18 -1.294721098318e-18 -1.255322967914e-18 -1.228367704320e-18 -1.273929088068e-18 -1.312762495404e-18 -1.327104000000e-18 
              1280 -1.308109356292e-18 -1.305791480094e-18 -1.294737428554e-18 -1.255333171704e-18 -1.228364661638e-18 -1.273913145217e-18 -1.312755590166e-18 -1.327104000000e-18 
              1290 -1.308109356292e-18 -1.305801763179e-18 -1.294753783533e-18 -1.255343493529e-18 -1.228361717595e-18 -1.273896988344e-18 -1.312748710410e-18 -1.327104000000e-18 
              1300 -1.308109356292e-18 -1.305811620000e-18 -1.294769559991e-18 -1.255353178531e-18 -1.228358693291e-18 -1.273881588689e-18 -1.312742002742e-18 -1.327104000000e-18 
              1310 -1.308109356292e-18 -1.305821491224e-18 -1.294785367322e-18 -1.255363114255e-18 -1.228355863042e-18 -1.273865848249e-18 -1.312735354121e-18 -1.327104000000e-18 
              1320 -1.308109356292e-18 -1.305830941996e-18 -1.294800616508e-18 -1.255372313450e-18 -1.228352859199e-18 -1.273850969197e-18 -1.312728835668e-18 -1.327104000000e-18 
              1330 -1.308109356292e-18 -1.305840382232e-18 -1.294815841616e-18 -1.255381787006e-18 -1.228350101292e-18 -1.273835753200e-18 -1.312722415374e-18 -1.327104000000e-18 
              1340 -1.308109356292e-18 -1.305849487892e-18 -1.294830633479e-18 -1.255390632266e-18 -1.228347166922e-18 -1.273821255314e-18 -1.312716080138e-18 -1.327104000000e-18 
              1350 -1.308109356292e-18 -1.305858479665e-18 -1.294845257580e-18 -1.255399507100e-18 -1.228344383099e-18 -1.273806725409e-18 -1.312709858530e-18 -1.327104000000e-18 
              1360 -1.308109356292e-18 -1.305867136915e-18 -1.294859436771e-18 -1.255407769540e-18 -1.228341439185e-18 -1.273792913588e-18 -1.312703732391e-18 -1.327104000000e-18 
              1370 -1.308109356292e-18 -1.305875808418e-18 -1.294873626850e-18 -1.255416314756e-18 -1.228338719912e-18 -1.273778754571e-18 -1.312697684735e-18 -1.327104000000e-18 
              1380 -1.308109356292e-18 -1.305884094528e-18 -1.294887275382e-18 -1.255424228936e-18 -1.228335886193e-18 -1.273765380390e-18 -1.312691784134e-18 -1.327104000000e-18 
              1390 -1.308109356292e-18 -1.305892424924e-18 -1.294900994527e-18 -1.255432386878e-18 -1.228333206314e-18 -1.273751678437e-18 -1.312685914616e-18 -1.327104000000e-18 
              1400 -1.308109356292e-18 -1.305900401137e-18 -1.294914198383e-18 -1.255440036080e-18 -1.228330485283e-18 -1.273738638510e-18 -1.312680210648e-18 -1.327104000000e-18 
              1410 -1.308109356292e-18 -1.305908380179e-18 -1.294927421215e-18 -1.255447790372e-18 -1.228327843872e-18 -1.273725433976e-18 -1.312674528435e-18 -1.327104000000e-18 
              1420 -1.308109356292e-18 -1.305916094931e-18 -1.294940253534e-18 -1.255455215245e-18 -1.228325214709e-18 -1.273712669608e-18 -1.312668987898e-18 -1.327104000000e-18 
              1430 -1.308109356292e-18 -1.305923788003e-18 -1.294953067460e-18 -1.255462692217e-18 -1.228322647223e-18 -1.273699812702e-18 -1.312663475857e-18 -1.327104000000e-18 
              1440 -1.308109356292e-18 -1.305931207268e-18 -1.294965474807e-18 -1.255469807123e-18 -1.228320075239e-18 -1.273687442133e-18 -1.312658105096e-18 -1.327104000000e-18 
              1450 -1.308109356292e-18 -1.305938509340e-18 -1.294977712016e-18 -1.255476825869e-18 -1.228317547990e-18 -1.273675196096e-18 -1.312652810462e-18 -1.327104000000e-18 
              1460 -1.308109356292e-18 -1.305945726423e-18 -1.294989826629e-18 -1.255483805606e-18 -1.228315077677e-18 -1.273662999180e-18 -1.312647579814e-18 -1.327104000000e-18 
              1470 -1.308109356292e-18 -1.305952856115e-18 -1.295001796120e-18 -1.255490832153e-18 -1.228312743372e-18 -1.273650777345e-18 -1.312642451180e-18 -1.327104000000e-18 
              1480 -1.308109356292e-18 -1.305959683184e-18 -1.295013341570e-18 -1.255497265915e-18 -1.228310236470e-18 -1.273639292492e-18 -1.312637406762e-18 -1.327104000000e-18 
              1490 -1.308109356292e-18 -1.305966504117e-18 -1.295024841268e-18 -1.255503999133e-18 -1.228307992596e-18 -1.273627492298e-18 -1.312632477426e-18 -1.327104000000e-18 
              1500 -1.308109356292e-18 -1.305973071478e-18 -1.295036001495e-18 -1.255510156158e-18 -1.228305533190e-18 -1.273616381306e-18 -1.312627586082e-18 -1.327104000000e-18 
              1510 -1.308109356292e-18 -1.305979567808e-18 -1.295047027311e-18 -1.255516431140e-18 -1.228303254331e-18 -1.273605178965e-18 -1.312622810202e-18 -1.327104000000e-18 
              1520 -1.308109356292e-18 -1.305985897384e-18 -1.295057813744e-18 -1.255522434092e-18 -1.228300926109e-18 -1.273594323047e-18 -1.312618099869e-18 -1.327104000000e-18 
              1530 -1.308109356292e-18 -1.305992081215e-18 -1.295068383921e-18 -1.255528240743e-18 -1.228298590834e-18 -1.273583729958e-18 -1.312613462956e-18 -1.327104000000e-18 
              1540 -1.308109356292e-18 -1.305998065082e-18 -1.295078650719e-18 -1.255533763092e-18 -1.228296236821e-18 -1.273573529586e-18 -1.312608925936e-18 -1.327104000000e-18 
              1550 -1.308109356292e-18 -1.306004083771e-18 -1.295088953462e-18 -1.255539536411e-18 -1.228294053780e-18 -1.273563034253e-18 -1.312604440651e-18 -1.327104000000e-18 
              1560 -1.308109356292e-18 -1.306009847275e-18 -1.295098867049e-18 -1.255544914583e-18 -1.228291821718e-18 -1.273553085649e-18 -1.312600074255e-18 -1.327104000000e-18 
              1570 -1.308109356292e-18 -1.306015625248e-18 -1.295108800290e-18 -1.255550423275e-18 -1.228289678915e-18 -1.273542971956e-18 -1.312595734402e-18 -1.327104000000e-18 
              1580 -1.308109356292e-18 -1.306021203783e-18 -1.295118421445e-18 -1.255555670985e-18 -1.228287539203e-18 -1.273533239477e-18 -1.312591505981e-18 -1.327104000000e-18 
              1590 -1.308109356292e-18 -1.306026728756e-18 -1.295127958234e-18 -1.255560910621e-18 -1.228285449282e-18 -1.273523531046e-18 -1.312587326037e-18 -1.327104000000e-18 
              1600 -1.308109356292e-18 -1.306032131217e-18 -1.295137301943e-18 -1.255566020363e-18 -1.228283385685e-18 -1.273514020629e-18 -1.312583224212e-18 -1.327104000000e-18 
              1610 -1.308109356292e-18 -1.306037418166e-18 -1.295146463496e-18 -1.255571007456e-18 -1.228281346741e-18 -1.273504697337e-18 -1.312579196002e-18 -1.327104000000e-18 
              1620 -1.308109356292e-18 -1.306042651693e-18 -1.295155536503e-18 -1.255575998414e-18 -1.228279368723e-18 -1.273495391676e-18 -1.312575222085e-18 -1.327104000000e-18 
              1630 -1.308109356292e-18 -1.306047823519e-18 -1.295164487226e-18 -1.255581082246e-18 -1.228277540284e-18 -1.273486031652e-18 -1.312571348368e-18 -1.327104000000e-18 
              1640 -1.308109356292e-18 -1.306052763415e-18 -1.295173113859e-18 -1.255585609891e-18 -1.228275497705e-18 -1.273477363876e-18 -1.312567507316e-18 -1.327104000000e-18 
              1650 -1.308109356292e-18 -1.306057612062e-18 -1.295181583606e-18 -1.255590105607e-18 -1.228273531901e-18 -1.273468786071e-18 -1.312563750873e-18 -1.327104000000e-18 
              1660 -1.308109356292e-18 -1.306062462354e-18 -1.295190023811e-18 -1.255594833236e-18 -1.228271761727e-18 -1.273459973908e-18 -1.312560079443e-18 -1.327104000000e-18 
              1670 -1.308109356292e-18 -1.306067177994e-18 -1.295198254127e-18 -1.255599365633e-18 -1.228269978039e-18 -1.273451442457e-18 -1.312556476929e-18 -1.327104000000e-18 
              1680 -1.308109356292e-18 -1.306071770511e-18 -1.295206304285e-18 -1.255603659357e-18 -1.228268129120e-18 -1.273443222063e-18 -1.312552912921e-18 -1.327104000000e-18 
              1690 -1.308109356292e-18 -1.306076252069e-18 -1.295214186209e-18 -1.255607769417e-18 -1.228266249025e-18 -1.273435253140e-18 -1.312549396209e-18 -1.327104000000e-18 
              1700 -1.308109356292e-18 -1.306080587274e-18 -1.295221836900e-18 -1.255611662402e-18 -1.228264352349e-18 -1.273427601249e-18 -1.312545954703e-18 -1.327104000000e-18 
              1710 -1.308109356292e-18 -1.306084960552e-18 -1.295229517820e-18 -1.255615831580e-18 -1.228262646548e-18 -1.273419645370e-18 -1.312542575319e-18 -1.327104000000e-18 
              1720 -1.308109356292e-18 -1.306089236124e-18 -1.295237034645e-18 -1.255619919296e-18 -1.228260984105e-18 -1.273411839480e-18 -1.312539270386e-18 -1.327104000000e-18 
              1730 -1.308109356292e-18 -1.306093331104e-18 -1.295244284223e-18 -1.255623621743e-18 -1.228259200656e-18 -1.273404539710e-18 -1.312536013308e-18 -1.327104000000e-18 
              1740 -1.308109356292e-18 -1.306097376642e-18 -1.295251436667e-18 -1.255627373722e-18 -1.228257517205e-18 -1.273397227853e-18 -1.312532828669e-18 -1.327104000000e-18 
              1750 -1.308109356292e-18 -1.306101386496e-18 -1.295258525316e-18 -1.255631140085e-18 -1.228255886123e-18 -1.273389922972e-18 -1.312529686340e-18 -1.327104000000e-18 
              1760 -1.308109356292e-18 -1.306105312326e-18 -1.295265474679e-18 -1.255634822093e-18 -1.228254280527e-18 -1.273382762217e-18 -1.312526602767e-18 -1.327104000000e-18 
              1770 -1.308109356292e-18 -1.306109151739e-18 -1.295272281405e-18 -1.255638410065e-18 -1.228252695217e-18 -1.273375757660e-18 -1.312523577124e-18 -1.327104000000e-18 
              1780 -1.308109356292e-18 -1.306112952212e-18 -1.295279015919e-18 -1.255642017620e-18 -1.228251171560e-18 -1.273368761018e-18 -1.312520600355e-18 -1.327104000000e-18 
              1790 -1.308109356292e-18 -1.306116622552e-18 -1.295285543169e-18 -1.255645418018e-18 -1.228249623600e-18 -1.273362067728e-18 -1.312517687260e-18 -1.327104000000e-18 
              1800 -1.308109356292e-18 -1.306120289893e-18 -1.295292044920e-18 -1.255648956758e-18 -1.228248197489e-18 -1.273355241165e-18 -1.312514829665e-18 -1.327104000000e-18 
              1810 -1.308109356292e-18 -1.306123812930e-18 -1.295298329910e-18 -1.255652188030e-18 -1.228246677422e-18 -1.273348824620e-18 -1.312512012239e-18 -1.327104000000e-18 
              1820 -1.308109356292e-18 -1.306127340722e-18 -1.295304582698e-18 -1.255655668624e-18 -1.228245367156e-18 -1.273342168168e-18 -1.312509286634e-18 -1.327104000000e-18 
              1830 -1.308109356292e-18 -1.306130765148e-18 -1.295310674030e-18 -1.255658966716e-18 -1.228244022399e-18 -1.273335769977e-18 -1.312506604503e-18 -1.327104000000e-18 
              1840 -1.308109356292e-18 -1.306134097994e-18 -1.295316633114e-18 -1.255662047985e-18 -1.228242598964e-18 -1.273329650213e-18 -1.312503938373e-18 -1.327104000000e-18 
              1850 -1.308109356292e-18 -1.306137351671e-18 -1.295322469059e-18 -1.255664989324e-18 -1.228241149140e-18 -1.273323727870e-18 -1.312501305177e-18 -1.327104000000e-18 
              1860 -1.308109356292e-18 -1.306140569412e-18 -1.295328214500e-18 -1.255668061819e-18 -1.228239856749e-18 -1.273317715500e-18 -1.312498764328e-18 -1.327104000000e-18 
              1870 -1.308109356292e-18 -1.306143669980e-18 -1.295333802074e-18 -1.255670781734e-18 -1.228238399596e-18 -1.273312132167e-18 -1.312496215260e-18 -1.327104000000e-18 
              1880 -1.308109356292e-18 -1.306146772478e-18 -1.295339349671e-18 -1.255673755511e-18 -1.228237160642e-18 -1.273306311024e-18 -1.312493764092e-18 -1.327104000000e-18 
              1890 -1.308109356292e-18 -1.306149739658e-18 -1.295344702215e-18 -1.255676379630e-18 -1.228235782516e-18 -1.273300936092e-18 -1.312491327783e-18 -1.327104000000e-18 
              1900 -1.308109356292e-18 -1.306152675496e-18 -1.295349981742e-18 -1.255679085221e-18 -1.228234513472e-18 -1.273295513698e-18 -1.312488958950e-18 -1.327104000000e-18 
              1910 -1.308109356292e-18 -1.306155586032e-18 -1.295355210804e-18 -1.255681816279e-18 -1.228233297242e-18 -1.273290088574e-18 -1.312486627800e-18 -1.327104000000e-18 
              1920 -1.308109356292e-18 -1.306158447399e-18 -1.295360351906e-18 -1.255684521546e-18 -1.228232118757e-18 -1.273284731705e-18 -1.312484341845e-18 -1.327104000000e-18 
              1930 -1.308109356292e-18 -1.306161211792e-18 -1.295365335258e-18 -1.255687070105e-18 -1.228230923101e-18 -1.273279610512e-18 -1.312482104664e-18 -1.327104000000e-18 
              1940 -1.308109356292e-18 -1.306163966333e-18 -1.295370289071e-18 -1.255689691540e-18 -1.228229803003e-18 -1.273274429427e-18 -1.312479906519e-18 -1.327104000000e-18 
              1950 -1.308109356292e-18 -1.306166627243e-18 -1.295375092689e-18 -1.255692148200e-18 -1.228228654939e-18 -1.273269488859e-18 -1.312477750275e-18 -1.327104000000e-18 
              1960 -1.308109356292e-18 -1.306169288434e-18 -1.295379871792e-18 -1.255694754988e-18 -1.228227637550e-18 -1.273264409159e-18 -1.312475652629e-18 -1.327104000000e-18 
              1970 -1.308109356292e-18 -1.306171836805e-18 -1.295384487620e-18 -1.255697063419e-18 -1.228226499806e-18 -1.273259711068e-18 -1.312473565748e-18 -1.327104000000e-18 
              1980 -1.308109356292e-18 -1.306174392599e-18 -1.295389070424e-18 -1.255699639216e-18 -1.228225586335e-18 -1.273254761546e-18 -1.312471576786e-18 -1.327104000000e-18 
              1990 -1.308109356292e-18 -1.306176835290e-18 -1.295393509713e-18 -1.255701807104e-18 -1.228224457755e-18 -1.273250293604e-18 -1.312469554799e-18 -1.327104000000e-18 
              2000 -1.308109356292e-18 -1.306179279549e-18 -1.295397896284e-18 -1.255704283322e-18 -1.228223596563e-18 -1.273245544017e-18 -1.312467654506e-18 -1.327104000000e-18 
              2010 -1.308109356292e-18 -1.306181633059e-18 -1.295402175126e-18 -1.255706393931e-18 -1.228222529852e-18 -1.273241215670e-18 -1.312465712116e-18 -1.327104000000e-18 
              2020 -1.308109356292e-18 -1.306183959135e-18 -1.295406376408e-18 -1.255708639511e-18 -1.228221615536e-18 -1.273236792467e-18 -1.312463855699e-18 -1.327104000000e-18 
              2030 -1.308109356292e-18 -1.306186194492e-18 -1.295410467044e-18 -1.255710532139e-18 -1.228220507027e-18 -1.273232779791e-18 -1.312461962599e-18 -1.327104000000e-18 
              2040 -1.308109356292e-18 -1.306188437175e-18 -1.295414518642e-18 -1.255712719255e-18 -1.228219647080e-18 -1.273228493217e-18 -1.312460179042e-18 -1.327104000000e-18 
              2050 -1.308109356292e-18 -1.306190576246e-18 -1.295418430451e-18 -1.255714569163e-18 -1.228218622768e-18 -1.273224616921e-18 -1.312458380810e-18 -1.327104000000e-18 
              2060 -1.308109356292e-18 -1.306192729140e-18 -1.295422328129e-18 -1.255716649970e-18 -1.228217783850e-18 -1.273220517866e-18 -1.312456658698e-18 -1.327104000000e-18 
              2070 -1.308109356292e-18 -1.306194787635e-18 -1.295426085257e-18 -1.255718491694e-18 -1.228216854761e-18 -1.273216731687e-18 -1.312454951012e-18 -1.327104000000e-18 
              2080 -1.308109356292e-18 -1.306196847546e-18 -1.295429824661e-18 -1.255720452454e-18 -1.228216029210e-18 -1.273212836885e-18 -1.312453288948e-18 -1.327104000000e-18 
              2090 -1.308109356292e-18 -1.306198837378e-18 -1.295433450149e-18 -1.255722287289e-18 -1.228215182134e-18 -1.273209128352e-18 -1.312451658446e-18 -1.327104000000e-18 
              2100 -1.308109356292e-18 -1.306200821638e-18 -1.295437050900e-18 -1.255724203984e-18 -1.228214415050e-18 -1.273205352432e-18 -1.312450066929e-18 -1.327104000000e-18 
              2110 -1.308109356292e-18 -1.306202732809e-18 -1.295440536824e-18 -1.255725966195e-18 -1.228213605424e-18 -1.273201791974e-18 -1.312448499157e-18 -1.327104000000e-18 
              2120 -1.308109356292e-18 -1.306204612790e-18 -1.295443962224e-18 -1.255727728051e-18 -1.228212835892e-18 -1.273198265086e-18 -1.312446967737e-18 -1.327104000000e-18 
              2130 -1.308109356292e-18 -1.306206470108e-18 -1.295447337672e-18 -1.255729523325e-18 -1.228212125436e-18 -1.273194732784e-18 -1.312445476241e-18 -1.327104000000e-18 
              2140 -1.308109356292e-18 -1.306208305350e-18 -1.295450647470e-18 -1.255731440481e-18 -1.228211550230e-18 -1.273191114959e-18 -1.312444059927e-18 -1.327104000000e-18 
              2150 -1.308109356292e-18 -1.306210056739e-18 -1.295453861714e-18 -1.255732985115e-18 -1.228210756428e-18 -1.273187920786e-18 -1.312442592064e-18 -1.327104000000e-18 
              2160 -1.308109356292e-18 -1.306211809303e-18 -1.295457019462e-18 -1.255734847622e-18 -1.228210239737e-18 -1.273184440966e-18 -1.312441251253e-18 -1.327104000000e-18 
              2170 -1.308109356292e-18 -1.306213490015e-18 -1.295460109310e-18 -1.255736316923e-18 -1.228209471944e-18 -1.273181391314e-18 -1.312439836303e-18 -1.327104000000e-18 
              2180 -1.308109356292e-18 -1.306215153292e-18 -1.295463131574e-18 -1.255737965329e-18 -1.228208883544e-18 -1.273178200479e-18 -1.312438514441e-18 -1.327104000000e-18 
              2190 -1.308109356292e-18 -1.306216770113e-18 -1.295466090177e-18 -1.255739465126e-18 -1.228208225477e-18 -1.273175193608e-18 -1.312437187452e-18 -1.327104000000e-18 
              2200 -1.308109356292e-18 -1.306218346638e-18 -1.295468985747e-18 -1.255740877470e-18 -1.228207543346e-18 -1.273172309382e-18 -1.312435872849e-18 -1.327104000000e-18 
              2210 -1.308109356292e-18 -1.306219868496e-18 -1.295471799014e-18 -1.255742151309e-18 -1.228206810237e-18 -1.273169608546e-18 -1.312434567174e-18 -1.327104000000e-18 
              2220 -1.308109356292e-18 -1.306221399982e-18 -1.295474588055e-18 -1.255743660728e-18 -1.228206272892e-18 -1.273166688579e-18 -1.312433345279e-18 -1.327104000000e-18 
              2230 -1.308109356292e-18 -1.306222861818e-18 -1.295477278568e-18 -1.255744957635e-18 -1.228205638451e-18 -1.273164034111e-18 -1.312432120323e-18 -1.327104000000e-18 
              2240 -1.308109356292e-18 -1.306224326370e-18 -1.295479951491e-18 -1.255746381479e-18 -1.228205114056e-18 -1.273161265767e-18 -1.312430943405e-18 -1.327104000000e-18 
              2250 -1.308109356292e-18 -1.306225736590e-18 -1.295482538453e-18 -1.255747687902e-18 -1.228204556498e-18 -1.273158661767e-18 -1.312429783759e-18 -1.327104000000e-18 
              2260 -1.308109356292e-18 -1.306227131028e-18 -1.295485088123e-18 -1.255749028552e-18 -1.228204050947e-18 -1.273156046444e-18 -1.312428656764e-18 -1.327104000000e-18 
              2270 -1.308109356292e-18 -1.306228491370e-18 -1.295487577789e-18 -1.255750328717e-18 -1.228203554617e-18 -1.273153505784e-18 -1.312427554089e-18 -1.327104000000e-18 
              2280 -1.308109356292e-18 -1.306229819375e-18 -1.295490010538e-18 -1.255751590321e-18 -1.228203067053e-18 -1.273151036256e-18 -1.312426474442e-18 -1.327104000000e-18 
              2290 -1.308109356292e-18 -1.306231131575e-18 -1.295492403761e-18 -1.255752897074e-18 -1.228202641087e-18 -1.273148546015e-18 -1.312425432001e-18 -1.327104000000e-18 
              2300 -1.308109356292e-18 -1.306232427264e-18 -1.295494737796e-18 -1.255754345207e-18 -1.228202360906e-18 -1.273145949186e-18 -1.312424466685e-18 -1.327104000000e-18 
              2310 -1.308109356292e-18 -1.306233656573e-18 -1.295497014059e-18 -1.255755396076e-18 -1.228201819301e-18 -1.273143780785e-18 -1.312423419771e-18 -1.327104000000e-18 
              2320 -1.308109356292e-18 -1.306234860590e-18 -1.295499233466e-18 -1.255756481789e-18 -1.228201341545e-18 -1.273141610489e-18 -1.312422417347e-18 -1.327104000000e-18 
              2330 -1.308109356292e-18 -1.306236064940e-18 -1.295501409517e-18 -1.255757803868e-18 -1.228201071861e-18 -1.273139231509e-18 -1.312421510470e-18 -1.327104000000e-18 
              2340 -1.308109356292e-18 -1.306237231261e-18 -1.295503528633e-18 -1.255759025161e-18 -1.228200763685e-18 -1.273136985621e-18 -1.312420608379e-18 -1.327104000000e-18 
              2350 -1.308109356292e-18 -1.306238361637e-18 -1.295505604898e-18 -1.255760092999e-18 -1.228200368951e-18 -1.273134918172e-18 -1.312419687228e-18 -1.327104000000e-18 
              2360 -1.308109356292e-18 -1.306239459780e-18 -1.295507636843e-18 -1.255761054366e-18 -1.228199923892e-18 -1.273132983120e-18 -1.312418761664e-18 -1.327104000000e-18 
              2370 -1.308109356292e-18 -1.306240517106e-18 -1.295509608797e-18 -1.255761900345e-18 -1.228199430653e-18 -1.273131196741e-18 -1.312417838361e-18 -1.327104000000e-18 
              2380 -1.308109356292e-18 -1.306241583493e-18 -1.295511551510e-18 -1.255763000368e-18 -1.228199150768e-18 -1.273129177762e-18 -1.312417007431e-18 -1.327104000000e-18 
              2390 -1.308109356292e-18 -1.306242622224e-18 -1.295513441322e-18 -1.255764087657e-18 -1.228198896194e-18 -1.273127202322e-18 -1.312416204674e-18 -1.327104000000e-18 
              2400 -1.308109356292e-18 -1.306243609894e-18 -1.295515278120e-18 -1.255764912461e-18 -1.228198477914e-18 -1.273125517837e-18 -1.312415356845e-18 -1.327104000000e-18 
              2410 -1.308109356292e-18 -1.306244583072e-18 -1.295517069916e-18 -1.255765822820e-18 -1.228198154516e-18 -1.273123775472e-18 -1.312414561314e-18 -1.327104000000e-18 
              2420 -1.308109356292e-18 -1.306245544237e-18 -1.295518830330e-18 -1.255766772975e-18 -1.228197883720e-18 -1.273122014244e-18 -1.312413796576e-18 -1.327104000000e-18 
              2430 -1.308109356292e-18 -1.306246480947e-18 -1.295520546694e-18 -1.255767696957e-18 -1.228197622715e-18 -1.273120305493e-18 -1.312413050786e-18 -1.327104000000e-18 
              2440 -1.308109356292e-18 -1.306247392565e-18 -1.295522219225e-18 -1.255768586499e-18 -1.228197365013e-18 -1.273118657147e-18 -1.312412321367e-18 -1.327104000000e-18 
              2450 -1.308109356292e-18 -1.306248291405e-18 -1.295523857434e-18 -1.255769522975e-18 -1.228197166977e-18 -1.273116984479e-18 -1.312411626595e-18 -1.327104000000e-18 
              2460 -1.308109356292e-18 -1.306249153802e-18 -1.295525444665e-18 -1.255770341044e-18 -1.228196912369e-18 -1.273115458314e-18 -1.312410927743e-18 -1.327104000000e-18 
              2470 -1.308109356292e-18 -1.306250013147e-18 -1.295526999309e-18 -1.255771300759e-18 -1.228196788273e-18 -1.273113813544e-18 -1.312410290337e-18 -1.327104000000e-18 
              2480 -1.308109356292e-18 -1.306250831578e-18 -1.295528511235e-18 -1.255772050008e-18 -1.228196532930e-18 -1.273112402150e-18 -1.312409616886e-18 -1.327104000000e-18 
              2490 -1.308109356292e-18 -1.306251650276e-18 -1.295529977081e-18 -1.255773047924e-18 -1.228196496744e-18 -1.273110772737e-18 -1.312409044314e-18 -1.327104000000e-18 
              2500 -1.308109356292e-18 -1.306252439055e-18 -1.295531403990e-18 -1.255773932875e-18 -1.228196401079e-18 -1.273109278660e-18 -1.312408462102e-18 -1.327104000000e-18 
              2510 -1.308109356292e-18 -1.306253200063e-18 -1.295532804445e-18 -1.255774661477e-18 -1.228196206047e-18 -1.273107956989e-18 -1.312407850090e-18 -1.327104000000e-18 
              2520 -1.308109356292e-18 -1.306253937273e-18 -1.295534173397e-18 -1.255775302944e-18 -1.228195966864e-18 -1.273106741591e-18 -1.312407231609e-18 -1.327104000000e-18 
              2530 -1.308109356292e-18 -1.306254664131e-18 -1.295535491969e-18 -1.255776101683e-18 -1.228195879540e-18 -1.273105400091e-18 -1.312406689664e-18 -1.327104000000e-18 
              2540 -1.308109356292e-18 -1.306255356015e-18 -1.295536791975e-18 -1.255776624415e-18 -1.228195597135e-18 -1.273104344779e-18 -1.312406078030e-18 -1.327104000000e-18 
              2550 -1.308109356292e-18 -1.306256047419e-18 -1.295538043213e-18 -1.255777401684e-18 -1.228195539788e-18 -1.273103067142e-18 -1.312405570598e-18 -1.327104000000e-18 
              2560 -1.308109356292e-18 -1.306256700404e-18 -1.295539265857e-18 -1.255777918976e-18 -1.228195304461e-18 -1.273102063674e-18 -1.312405004059e-18 -1.327104000000e-18 
              2570 -1.308109356292e-18 -1.306257343365e-18 -1.295540448915e-18 -1.255778539450e-18 -1.228195173822e-18 -1.273100982518e-18 -1.312404491761e-18 -1.327104000000e-18 
              2580 -1.308109356292e-18 -1.306257976563e-18 -1.295541604456e-18 -1.255779201682e-18 -1.228195094845e-18 -1.273099879110e-18 -1.312404008528e-18 -1.327104000000e-18 
              2590 -1.308109356292e-18 -1.306258594297e-18 -1.295542727531e-18 -1.255779870753e-18 -1.228195043376e-18 -1.273098789699e-18 -1.312403546994e-18 -1.327104000000e-18 
              2600 -1.308109356292e-18 -1.306259185027e-18 -1.295543813315e-18 -1.255780448255e-18 -1.228194946355e-18 -1.273097812162e-18 -1.312403080978e-18 -1.327104000000e-18 
              2610 -1.308109356292e-18 -1.306259769793e-18 -1.295544872325e-18 -1.255781104262e-18 -1.228194928737e-18 -1.273096776304e-18 -1.312402654425e-18 -1.327104000000e-18 
              2620 -1.308109356292e-18 -1.306260328331e-18 -1.295545897565e-18 -1.255781658076e-18 -1.228194855358e-18 -1.273095860903e-18 -1.312402218153e-18 -1.327104000000e-18 
              2630 -1.308109356292e-18 -1.306260884033e-18 -1.295546888996e-18 -1.255782361408e-18 -1.228194919357e-18 -1.273094820758e-18 -1.312401846410e-18 -1.327104000000e-18 
              2640 -1.308109356292e-18 -1.306261407935e-18 -1.295547858264e-18 -1.255782840748e-18 -1.228194828088e-18 -1.273094014977e-18 -1.312401422203e-18 -1.327104000000e-18 
              2650 -1.308109356292e-18 -1.306261932195e-18 -1.295548778765e-18 -1.255783583462e-18 -1.228194968876e-18 -1.273092979155e-18 -1.312401104847e-18 -1.327104000000e-18 
              2660 -1.308109356292e-18 -1.306262423209e-18 -1.295549695027e-18 -1.255783991119e-18 -1.228194860019e-18 -1.273092278726e-18 -1.312400691746e-18 -1.327104000000e-18 
              2670 -1.308109356292e-18 -1.306262914101e-18 -1.295550552939e-18 -1.255784707911e-18 -1.228195022930e-18 -1.273091307199e-18 -1.312400404594e-18 -1.327104000000e-18 
              2680 -1.308109356292e-18 -1.306263376931e-18 -1.295551412027e-18 -1.255785116445e-18 -1.228194953947e-18 -1.273090642739e-18 -1.312400026412e-18 -1.327104000000e-18 
              2690 -1.308109356292e-18 -1.306263831526e-18 -1.295552225492e-18 -1.255785679062e-18 -1.228195031157e-18 -1.273089853028e-18 -1.312399720962e-18 -1.327104000000e-18 
              2700 -1.308109356292e-18 -1.306264258686e-18 -1.295553038926e-18 -1.255785946480e-18 -1.228194886598e-18 -1.273089357438e-18 -1.312399328992e-18 -1.327104000000e-18 
              2710 -1.308109356292e-18 -1.306264686454e-18 -1.295553798956e-18 -1.255786504434e-18 -1.228194997225e-18 -1.273088607329e-18 -1.312399054593e-18 -1.327104000000e-18 
              2720 -1.308109356292e-18 -1.306265085150e-18 -1.295554550805e-18 -1.255786792885e-18 -1.228194909024e-18 -1.273088128305e-18 -1.312398705939e-18 -1.327104000000e-18 
              2730 -1.308109356292e-18 -1.306265484445e-18 -1.295555262304e-18 -1.255787302266e-18 -1.228195016521e-18 -1.273087458190e-18 -1.312398446727e-18 -1.327104000000e-18 
              2740 -1.308109356292e-18 -1.306265858272e-18 -1.295555955397e-18 -1.255787635270e-18 -1.228195001311e-18 -1.273086971827e-18 -1.312398146666e-18 -1.327104000000e-18 
              2750 -1.308109356292e-18 -1.306266228662e-18 -1.295556619628e-18 -1.255788084554e-18 -1.228195095698e-18 -1.273086391814e-18 -1.312397898444e-18 -1.327104000000e-18 
              2760 -1.308109356292e-18 -1.306266579830e-18 -1.295557259845e-18 -1.255788454517e-18 -1.228195144893e-18 -1.273085903593e-18 -1.312397641308e-18 -1.327104000000e-18 
              2770 -1.308109356292e-18 -1.306266925692e-18 -1.295557873567e-18 -1.255788908048e-18 -1.228195277309e-18 -1.273085352614e-18 -1.312397424970e-18 -1.327104000000e-18 
              2780 -1.308109356292e-18 -1.306267251674e-18 -1.295558466916e-18 -1.255789255616e-18 -1.228195341856e-18 -1.273084917335e-18 -1.312397189672e-18 -1.327104000000e-18 
              2790 -1.308109356292e-18 -1.306267567058e-18 -1.295559035143e-18 -1.255789622458e-18 -1.228195438454e-18 -1.273084479774e-18 -1.312396975287e-18 -1.327104000000e-18 
              2800 -1.308109356292e-18 -1.306267873686e-18 -1.295559576750e-18 -1.255790036418e-18 -1.228195589586e-18 -1.273084013986e-18 -1.312396790944e-18 -1.327104000000e-18 
              2810 -1.308109356292e-18 -1.306268173096e-18 -1.295560078043e-18 -1.255790586943e-18 -1.228195870471e-18 -1.273083437869e-18 -1.312396671014e-18 -1.327104000000e-18 
              2820 -1.308109356292e-18 -1.306268448084e-18 -1.295560589781e-18 -1.255790818356e-18 -1.228195903829e-18 -1.273083171996e-18 -1.312396451134e-18 -1.327104000000e-18 
              2830 -1.308109356292e-18 -1.306268722681e-18 -1.295561040921e-18 -1.255791367954e-18 -1.228196217019e-18 -1.273082627813e-18 -1.312396361174e-18 -1.327104000000e-18 
              2840 -1.308109356292e-18 -1.306268974611e-18 -1.295561511654e-18 -1.255791568529e-18 -1.228196255593e-18 -1.273082420040e-18 -1.312396157133e-18 -1.327104000000e-18 
              2850 -1.308109356292e-18 -1.306269221271e-18 -1.295561935740e-18 -1.255791960397e-18 -1.228196468776e-18 -1.273082050804e-18 -1.312396037313e-18 -1.327104000000e-18 
              2860 -1.308109356292e-18 -1.306269453229e-18 -1.295562352459e-18 -1.255792232666e-18 -1.228196597398e-18 -1.273081805985e-18 -1.312395886921e-18 -1.327104000000e-18 
              2870 -1.308109356292e-18 -1.306269672507e-18 -1.295562755095e-18 -1.255792442893e-18 -1.228196689036e-18 -1.273081632263e-18 -1.312395726876e-18 -1.327104000000e-18 
              2880 -1.308109356292e-18 -1.306269876672e-18 -1.295563146366e-18 -1.255792550448e-18 -1.228196709867e-18 -1.273081566295e-18 -1.312395543465e-18 -1.327104000000e-18 
              2890 -1.308109356292e-18 -1.306270079969e-18 -1.295563493032e-18 -1.255792885683e-18 -1.228196934178e-18 -1.273081305564e-18 -1.312395454009e-18 -1.327104000000e-18 
              2900 -1.308109356292e-18 -1.306270265404e-18 -1.295563834686e-18 -1.255793054857e-18 -1.228197034444e-18 -1.273081209794e-18 -1.312395318627e-18 -1.327104000000e-18 
              2910 -1.308109356292e-18 -1.306270447153e-18 -1.295564145779e-18 -1.255793346489e-18 -1.228197250356e-18 -1.273081016105e-18 -1.312395237933e-18 -1.327104000000e-18 
              2920 -1.308109356292e-18 -1.306270614792e-18 -1.295564443506e-18 -1.255793556990e-18 -1.228197412251e-18 -1.273080908999e-18 -1.312395141323e-18 -1.327104000000e-18 
              2930 -1.308109356292e-18 -1.306270775131e-18 -1.295564718339e-18 -1.255793810198e-18 -1.228197623232e-18 -1.273080776417e-18 -1.312395071230e-18 -1.327104000000e-18 
              2940 -1.308109356292e-18 -1.306270925057e-18 -1.295564975556e-18 -1.255794044661e-18 -1.228197831752e-18 -1.273080673639e-18 -1.312395006268e-18 -1.327104000000e-18 
              2950 -1.308109356292e-18 -1.306271064908e-18 -1.295565215698e-18 -1.255794261022e-18 -1.228198038067e-18 -1.273080599833e-18 -1.312394946302e-18 -1.327104000000e-18 
              2960 -1.308109356292e-18 -1.306271197691e-18 -1.295565431356e-18 -1.255794531188e-18 -1.228198302659e-18 -1.273080490329e-18 -1.312394917050e-18 -1.327104000000e-18 
              2970 -1.308109356292e-18 -1.306271325047e-18 -1.295565607383e-18 -1.255794953579e-18 -1.228198708049e-18 -1.273080254493e-18 -1.312394956333e-18 -1.327104000000e-18 
              2980 -1.308109356292e-18 -1.306271433427e-18 -1.295565811633e-18 -1.255795020643e-18 -1.228198826780e-18 -1.273080353558e-18 -1.312394874337e-18 -1.327104000000e-18 
              2990 -1.308109356292e-18 -1.306271534167e-18 -1.295565990738e-18 -1.255795138929e-18 -1.228199000490e-18 -1.273080417325e-18 -1.312394822503e-18 -1.327104000000e-18 
              3000 -1.308109356292e-18 -1.306271632647e-18 -1.295566121033e-18 -1.255795492468e-18 -1.228199384926e-18 -1.273080280027e-18 -1.312394869225e-18 -1.327104000000e-18 
              3010 -1.308109356292e-18 -1.306271720176e-18 -1.295566243434e-18 -1.255795769626e-18 -1.228199716610e-18 -1.273080223093e-18 -1.312394898256e-18 -1.327104000000e-18 
              3020 -1.308109356292e-18 -1.306271796121e-18 -1.295566367003e-18 -1.255795915272e-18 -1.228199949099e-18 -1.273080297164e-18 -1.312394888071e-18 -1.327104000000e-18 
              3030 -1.308109356292e-18 -1.306271861773e-18 -1.295566485924e-18 -1.255795974301e-18 -1.228200119847e-18 -1.273080460989e-18 -1.312394855337e-18 -1.327104000000e-18 
              3040 -1.308109356292e-18 -1.306271916871e-18 -1.295566600025e-18 -1.255795945002e-18 -1.228200225886e-18 -1.273080713793e-18 -1.312394799460e-18 -1.327104000000e-18 
              3050 -1.308109356292e-18 -1.306271970334e-18 -1.295566664570e-18 -1.255796161490e-18 -1.228200552550e-18 -1.273080757739e-18 -1.312394845813e-18 -1.327104000000e-18 
              3060 -1.308109356292e-18 -1.306272015730e-18 -1.295566711776e-18 -1.255796383075e-18 -1.228200894107e-18 -1.273080807151e-18 -1.312394904065e-18 -1.327104000000e-18 
              3070 -1.308109356292e-18 -1.306272048001e-18 -1.295566775369e-18 -1.255796375675e-18 -1.228201050851e-18 -1.273081071727e-18 -1.312394885136e-18 -1.327104000000e-18 
              3080 -1.308109356292e-18 -1.306272074869e-18 -1.295566810265e-18 -1.255796462557e-18 -1.228201298009e-18 -1.273081261554e-18 -1.312394911192e-18 -1.327104000000e-18 
              3090 -1.308109356292e-18 -1.306272095375e-18 -1.295566823650e-18 -1.255796594919e-18 -1.228201595462e-18 -1.273081422590e-18 -1.312394963731e-18 -1.327104000000e-18 
              3100 -1.308109356292e-18 -1.306272108191e-18 -1.295566823475e-18 -1.255796716365e-18 -1.228201893724e-18 -1.273081603368e-18 -1.312395021248e-18 -1.327104000000e-18 
              3110 -1.308109356292e-18 -1.306272113310e-18 -1.295566811159e-18 -1.255796819140e-18 -1.228202185874e-18 -1.273081810432e-18 -1.312395080589e-18 -1.327104000000e-18 
              3120 -1.308109356292e-18 -1.306272112250e-18 -1.295566776246e-18 -1.255796975325e-18 -1.228202534670e-18 -1.273081981127e-18 -1.312395169360e-18 -1.327104000000e-18 
              3130 -1.308109356292e-18 -1.306272102328e-18 -1.295566740997e-18 -1.255797037564e-18 -1.228202811269e-18 -1.273082243125e-18 -1.312395230607e-18 -1.327104000000e-18 
              3140 -1.308109356292e-18 -1.306272087957e-18 -1.295566670147e-18 -1.255797241068e-18 -1.228203220018e-18 -1.273082390802e-18 -1.312395354948e-18 -1.327104000000e-18 
              3150 -1.308109356292e-18 -1.306272063441e-18 -1.295566613159e-18 -1.255797261173e-18 -1.228203479933e-18 -1.273082709859e-18 -1.312395417003e-18 -1.327104000000e-18 
              3160 -1.308109356292e-18 -1.306272036525e-18 -1.295566504840e-18 -1.255797528542e-18 -1.228203961213e-18 -1.273082817795e-18 -1.312395582585e-18 -1.327104000000e-18 
              3170 -1.308109356292e-18 -1.306272001309e-18 -1.295566397281e-18 -1.255797702153e-18 -1.228204370783e-18 -1.273083017764e-18 -1.312395720157e-18 -1.327104000000e-18 
              3180 -1.308109356292e-18 -1.306271957020e-18 -1.295566297535e-18 -1.255797736042e-18 -1.228204670538e-18 -1.273083352688e-18 -1.312395812112e-18 -1.327104000000e-18 
              3190 -1.308109356292e-18 -1.306271905086e-18 -1.295566195907e-18 -1.255797697268e-18 -1.228204917095e-18 -1.273083761647e-18 -1.312395883932e-18 -1.327104000000e-18 
              3200 -1.308109356292e-18 -1.306271849718e-18 -1.295566056515e-18 -1.255797822472e-18 -1.228205311807e-18 -1.273084031448e-18 -1.312396026518e-18 -1.327104000000e-18 
              3210 -1.308109356292e-18 -1.306271784048e-18 -1.295565943991e-18 -1.255797693282e-18 -1.228205497263e-18 -1.273084537331e-18 -1.312396078369e-18 -1.327104000000e-18 
              3220 -1.308109356292e-18 -1.306271716135e-18 -1.295565779222e-18 -1.255797817917e-18 -1.228205909277e-18 -1.273084825717e-18 -1.312396236157e-18 -1.327104000000e-18 
              3230 -1.308109356292e-18 -1.306271639254e-18 -1.295565640295e-18 -1.255797708251e-18 -1.228206126016e-18 -1.273085328195e-18 -1.312396309530e-18 -1.327104000000e-18 
              3240 -1.308109356292e-18 -1.306271558130e-18 -1.295565472315e-18 -1.255797707381e-18 -1.228206444380e-18 -1.273085742018e-18 -1.312396432329e-18 -1.327104000000e-18 
              3250 -1.308109356292e-18 -1.306271471201e-18 -1.295565283921e-18 -1.255797752276e-18 -1.228206812539e-18 -1.273086126283e-18 -1.312396581010e-18 -1.327104000000e-18 
              3260 -1.308109356292e-18 -1.306271378536e-18 -1.295565080923e-18 -1.255797812923e-18 -1.228207202763e-18 -1.273086505273e-18 -1.312396743150e-18 -1.327104000000e-18 
              3270 -1.308109356292e-18 -1.306271280115e-18 -1.295564879981e-18 -1.255797800675e-18 -1.228207534854e-18 -1.273086952910e-18 -1.312396882490e-18 -1.327104000000e-18 
              3280 -1.308109356292e-18 -1.306271176113e-18 -1.295564652754e-18 -1.255797867878e-18 -1.228207946608e-18 -1.273087342244e-18 -1.312397061182e-18 -1.327104000000e-18 
              3290 -1.308109356292e-18 -1.306271066428e-18 -1.295564429830e-18 -1.255797850907e-18 -1.228208290383e-18 -1.273087810148e-18 -1.312397212424e-18 -1.327104000000e-18 
              3300 -1.308109356292e-18 -1.306270952132e-18 -1.295564169608e-18 -1.255797982601e-18 -1.228208773062e-18 -1.273088157816e-18 -1.312397429909e-18 -1.327104000000e-18 
              3310 -1.308109356292e-18 -1.306270830997e-18 -1.295563933544e-18 -1.255797911955e-18 -1.228209085495e-18 -1.273088688578e-18 -1.312397573359e-18 -1.327104000000e-18 
              3320 -1.308109356292e-18 -1.306270707264e-18 -1.295563643077e-18 -1.255798102883e-18 -1.228209632143e-18 -1.273088996339e-18 -1.312397826306e-18 -1.327104000000e-18 
              3330 -1.308109356292e-18 -1.306270574972e-18 -1.295563394188e-18 -1.255797980054e-18 -1.228209914324e-18 -1.273089588547e-18 -1.312397962227e-18 -1.327104000000e-18 
              3340 -1.308109356292e-18 -1.306270441374e-18 -1.295563084662e-18 -1.255798166067e-18 -1.228210469255e-18 -1.273089913043e-18 -1.312398225113e-18 -1.327104000000e-18 
              3350 -1.308109356292e-18 -1.306270299023e-18 -1.295562812130e-18 -1.255798060547e-18 -1.228210780760e-18 -1.273090504723e-18 -1.312398380387e-18 -1.327104000000e-18 
              3360 -1.308109356292e-18 -1.306270153962e-18 -1.295562504196e-18 -1.255798114386e-18 -1.228211235279e-18 -1.273090960394e-18 -1.312398603585e-18 -1.327104000000e-18 
              3370 -1.308109356292e-18 -1.306270001071e-18 -1.295562232655e-18 -1.255797889972e-18 -1.228211456209e-18 -1.273091669604e-18 -1.312398723379e-18 -1.327104000000e-18 
              3380 -1.308109356292e-18 -1.306269846080e-18 -1.295561902594e-18 -1.255797954459e-18 -1.228211934240e-18 -1.273092130739e-18 -1.312398963076e-18 -1.327104000000e-18 
              3390 -1.308109356292e-18 -1.306269685328e-18 -1.295561607759e-18 -1.255797769489e-18 -1.228212199186e-18 -1.273092814641e-18 -1.312399108310e-18 -1.327104000000e-18 
              3400 -1.308109356292e-18 -1.306269520404e-18 -1.295561263578e-18 -1.255797802023e-18 -1.228212663083e-18 -1.273093318057e-18 -1.312399347180e-18 -1.327104000000e-18 
              3410 -1.308109356292e-18 -1.306269351618e-18 -1.295560941272e-18 -1.255797676797e-18 -1.228212990981e-18 -1.273093960490e-18 -1.312399526397e-18 -1.327104000000e-18 
              3420 -1.308109356292e-18 -1.306269177331e-18 -1.295560586161e-18 -1.255797666641e-18 -1.228213430043e-18 -1.273094514088e-18 -1.312399759324e-18 -1.327104000000e-18 
              3430 -1.308109356292e-18 -1.306268999698e-18 -1.295560236638e-18 -1.255797590963e-18 -1.228213814161e-18 -1.273095126716e-18 -1.312399969495e-18 -1.327104000000e-18 
              3440 -1.308109356292e-18 -1.306268816369e-18 -1.295559859811e-18 -1.255797599031e-18 -1.228214282005e-18 -1.273095677850e-18 -1.312400220869e-18 -1.327104000000e-18 
              3450 -1.308109356292e-18 -1.306268629852e-18 -1.295559493765e-18 -1.255797515573e-18 -1.228214671670e-18 -1.273096310129e-18 -1.312400438719e-18 -1.327104000000e-18 
              3460 -1.308109356292e-18 -1.306268438945e-18 -1.295559114149e-18 -1.255797457064e-18 -1.228215089686e-18 -1.273096927533e-18 -1.312400672084e-18 -1.327104000000e-18 
              3470 -1.308109356292e-18 -1.306268243349e-18 -1.295558715463e-18 -1.255797449557e-18 -1.228215559884e-18 -1.273097508595e-18 -1.312400931960e-18 -1.327104000000e-18 
              3480 -1.308109356292e-18 -1.306268044937e-18 -1.295558284652e-18 -1.255797582817e-18 -1.228216157249e-18 -1.273097970634e-18 -1.312401252335e-18 -1.327104000000e-18 
              3490 -1.308109356292e-18 -1.306267840899e-18 -1.295557899406e-18 -1.255797412994e-18 -1.228216495379e-18 -1.273098703574e-18 -1.312401456477e-18 -1.327104000000e-18 
              3500 -1.308109356292e-18 -1.306267635622e-18 -1.295557451945e-18 -1.255797561217e-18 -1.228217114051e-18 -1.273099160670e-18 -1.312401791102e-18 -1.327104000000e-18 
              3510 -1.308109356292e-18 -1.306267423203e-18 -1.295557053093e-18 -1.255797373677e-18 -1.228217448442e-18 -1.273099921541e-18 -1.312401998280e-18 -1.327104000000e-18 
              3520 -1.308109356292e-18 -1.306267209135e-18 -1.295556614349e-18 -1.255797380949e-18 -1.228217955295e-18 -1.273100513897e-18 -1.312402286375e-18 -1.327104000000e-18 
              3530 -1.308109356292e-18 -1.306266990315e-18 -1.295556186845e-18 -1.255797277289e-18 -1.228218371416e-18 -1.273101209946e-18 -1.312402535254e-18 -1.327104000000e-18 
              3540 -1.308109356292e-18 -1.306266767455e-18 -1.295555761417e-18 -1.255797119177e-18 -1.228218745200e-18 -1.273101959165e-18 -1.312402766945e-18 -1.327104000000e-18 
              3550 -1.308109356292e-18 -1.306266542024e-18 -1.295555348107e-18 -1.255796869195e-18 -1.228219040302e-18 -1.273102789987e-18 -1.312402964299e-18 -1.327104000000e-18 
              3560 -1.308109356292e-18 -1.306266312029e-18 -1.295554883250e-18 -1.255796844309e-18 -1.228219541401e-18 -1.273103434263e-18 -1.312403258739e-18 -1.327104000000e-18 
              3570 -1.308109356292e-18 -1.306266080731e-18 -1.295554444402e-18 -1.255796667448e-18 -1.228219907984e-18 -1.273104208842e-18 -1.312403492765e-18 -1.327104000000e-18 
              3580 -1.308109356292e-18 -1.306265843385e-18 -1.295553970555e-18 -1.255796611528e-18 -1.228220391864e-18 -1.273104890759e-18 -1.312403783513e-18 -1.327104000000e-18 
              3590 -1.308109356292e-18 -1.306265604771e-18 -1.295553507406e-18 -1.255796485480e-18 -1.228220813617e-18 -1.273105632459e-18 -1.312404047068e-18 -1.327104000000e-18 
              3600 -1.308109356292e-18 -1.306265361361e-18 -1.295553026057e-18 -1.255796404617e-18 -1.228221282972e-18 -1.273106343637e-18 -1.312404334918e-18 -1.327104000000e-18 
              3610 -1.308109356292e-18 -1.306265115018e-18 -1.295552541114e-18 -1.255796311573e-18 -1.228221745178e-18 -1.273107069085e-18 -1.312404621314e-18 -1.327104000000e-18 
              3620 -1.308109356292e-18 -1.306264865627e-18 -1.295552052277e-18 -1.255796206606e-18 -1.228222200767e-18 -1.273107808899e-18 -1.312404906517e-18 -1.327104000000e-18 
              3630 -1.308109356292e-18 -1.306264611791e-18 -1.295551543879e-18 -1.255796158008e-18 -1.228222713061e-18 -1.273108507715e-18 -1.312405220085e-18 -1.327104000000e-18 
              3640 -1.308109356292e-18 -1.306264355942e-18 -1.295551002241e-18 -1.255796264878e-18 -1.228223364094e-18 -1.273109073394e-18 -1.312405599037e-18 -1.327104000000e-18 
              3650 -1.308109356292e-18 -1.306264096374e-18 -1.295550517484e-18 -1.255796029241e-18 -1.228223718662e-18 -1.273109941614e-18 -1.312405843521e-18 -1.327104000000e-18 
              3660 -1.308109356292e-18 -1.306263834749e-18 -1.295550018063e-18 -1.255795849795e-18 -1.228224124708e-18 -1.273110763016e-18 -1.312406113179e-18 -1.327104000000e-18 
              3670 -1.308109356292e-18 -1.306263569839e-18 -1.295549467898e-18 -1.255795905194e-18 -1.228224742282e-18 -1.273111385932e-18 -1.312406482094e-18 -1.327104000000e-18 
              3680 -1.308109356292e-18 -1.306263302653e-18 -1.295548926135e-18 -1.255795891665e-18 -1.228225301573e-18 -1.273112071020e-18 -1.312406825697e-18 -1.327104000000e-18 
              3690 -1.308109356292e-18 -1.306263031670e-18 -1.295548400189e-18 -1.255795753332e-18 -1.228225756680e-18 -1.273112870663e-18 -1.312407123306e-18 -1.327104000000e-18 
              3700 -1.308109356292e-18 -1.306262757407e-18 -1.295547882788e-18 -1.255795534458e-18 -1.228226145560e-18 -1.273113745292e-18 -1.312407392229e-18 -1.327104000000e-18 
              3710 -1.308109356292e-18 -1.306262482355e-18 -1.295547378920e-18 -1.255795235555e-18 -1.228226463458e-18 -1.273114688371e-18 -1.312407629427e-18 -1.327104000000e-18 
              3720 -1.308109356292e-18 -1.306262202012e-18 -1.295546818639e-18 -1.255795179864e-18 -1.228227004471e-18 -1.273115430666e-18 -1.312407971863e-18 -1.327104000000e-18 
              3730 -1.308109356292e-18 -1.306261919884e-18 -1.295546252827e-18 -1.255795134738e-18 -1.228227556379e-18 -1.273116165325e-18 -1.312408320611e-18 -1.327104000000e-18 
              3740 -1.308109356292e-18 -1.306261636933e-18 -1.295545726547e-18 -1.255794870938e-18 -1.228227915496e-18 -1.273117089052e-18 -1.312408581476e-18 -1.327104000000e-18 
              3750 -1.308109356292e-18 -1.306261351440e-18 -1.295545176951e-18 -1.255794704095e-18 -1.228228363253e-18 -1.273117932217e-18 -1.312408884686e-18 -1.327104000000e-18 
              3760 -1.308109356292e-18 -1.306261061302e-18 -1.295544609107e-18 -1.255794584478e-18 -1.228228860245e-18 -1.273118743073e-18 -1.312409212799e-18 -1.327104000000e-18 
              3770 -1.308109356292e-18 -1.306260768860e-18 -1.295544037843e-18 -1.255794458644e-18 -1.228229354597e-18 -1.273119562390e-18 -1.312409541109e-18 -1.327104000000e-18 
              3780 -1.308109356292e-18 -1.306260474321e-18 -1.295543464985e-18 -1.255794319005e-18 -1.228229839241e-18 -1.273120396244e-18 -1.312409866275e-18 -1.327104000000e-18 
              3790 -1.308109356292e-18 -1.306260175654e-18 -1.295542873415e-18 -1.255794234780e-18 -1.228230379255e-18 -1.273121189516e-18 -1.312410218981e-18 -1.327104000000e-18 
              3800 -1.308109356292e-18 -1.306259877096e-18 -1.295542298388e-18 -1.255794064163e-18 -1.228230841256e-18 -1.273122055157e-18 -1.312410536275e-18 -1.327104000000e-18 
              3810 -1.308109356292e-18 -1.306259573523e-18 -1.295541686718e-18 -1.255794034709e-18 -1.228231435862e-18 -1.273122807881e-18 -1.312410917007e-18 -1.327104000000e-18 
              3820 -1.308109356292e-18 -1.306259269831e-18 -1.295541107800e-18 -1.255793830225e-18 -1.228231875074e-18 -1.273123710678e-18 -1.312411226713e-18 -1.327104000000e-18 
              3830 -1.308109356292e-18 -1.306258962779e-18 -1.295540475736e-18 -1.255793872592e-18 -1.228232536421e-18 -1.273124404761e-18 -1.312411640525e-18 -1.327104000000e-18 
              3840 -1.308109356292e-18 -1.306258654456e-18 -1.295539857679e-18 -1.255793827152e-18 -1.228233121477e-18 -1.273125175989e-18 -1.312412020158e-18 -1.327104000000e-18 
              3850 -1.308109356292e-18 -1.306258343121e-18 -1.295539258896e-18 -1.255793647152e-18 -1.228233592724e-18 -1.273126069213e-18 -1.312412348912e-18 -1.327104000000e-18 
              3860 -1.308109356292e-18 -1.306258029376e-18 -1.295538668126e-18 -1.255793398988e-18 -1.228234007345e-18 -1.273127025351e-18 -1.312412652935e-18 -1.327104000000e-18 
              3870 -1.308109356292e-18 -1.306257714419e-18 -1.295538043753e-18 -1.255793316903e-18 -1.228234568787e-18 -1.273127837940e-18 -1.312413025553e-18 -1.327104000000e-18 
              3880 -1.308109356292e-18 -1.306257397203e-18 -1.295537461463e-18 -1.255792987135e-18 -1.228234915613e-18 -1.273128869285e-18 -1.312413300537e-18 -1.327104000000e-18 
              3890 -1.308109356292e-18 -1.306257077107e-18 -1.295536825712e-18 -1.255792911013e-18 -1.228235489562e-18 -1.273129684871e-18 -1.312413681726e-18 -1.327104000000e-18 
              3900 -1.308109356292e-18 -1.306256757692e-18 -1.295536234009e-18 -1.255792608550e-18 -1.228235861846e-18 -1.273130693907e-18 -1.312413970156e-18 -1.327104000000e-18 
              3910 -1.308109356292e-18 -1.306256435884e-18 -1.295535616746e-18 -1.255792416661e-18 -1.228236334619e-18 -1.273131610558e-18 -1.312414306224e-18 -1.327104000000e-18 
              3920 -1.308109356292e-18 -1.306256109511e-18 -1.295534981444e-18 -1.255792271828e-18 -1.228236856401e-18 -1.273132495083e-18 -1.312414666993e-18 -1.327104000000e-18 
              3930 -1.308109356292e-18 -1.306255780553e-18 -1.295534337502e-18 -1.255792145550e-18 -1.228237398208e-18 -1.273133367709e-18 -1.312415038372e-18 -1.327104000000e-18 
              3940 -1.308109356292e-18 -1.306255452814e-18 -1.295533708752e-18 -1.255791952182e-18 -1.228237877315e-18 -1.273134294218e-18 -1.312415380811e-18 -1.327104000000e-18 
              3950 -1.308109356292e-18 -1.306255119558e-18 -1.295533053889e-18 -1.255791838623e-18 -1.228238436076e-18 -1.273135162361e-18 -1.312415762423e-18 -1.327104000000e-18 
              3960 -1.308109356292e-18 -1.306254787365e-18 -1.295532416046e-18 -1.255791646496e-18 -1.228238922426e-18 -1.273136094760e-18 -1.312416110655e-18 -1.327104000000e-18 
              3970 -1.308109356292e-18 -1.306254449924e-18 -1.295531739732e-18 -1.255791602840e-18 -1.228239548177e-18 -1.273136908449e-18 -1.312416525497e-18 -1.327104000000e-18 
              3980 -1.308109356292e-18 -1.306254113852e-18 -1.295531103074e-18 -1.255791363572e-18 -1.228239998209e-18 -1.273137887650e-18 -1.312416859207e-18 -1.327104000000e-18 
              3990 -1.308109356292e-18 -1.306253774174e-18 -1.295530410093e-18 -1.255791385394e-18 -1.228240683288e-18 -1.273138646357e-18 -1.312417302986e-18 -1.327104000000e-18 
              4000 -1.308109356292e-18 -1.306253434044e-18 -1.295529774057e-18 -1.255791100081e-18 -1.228241098390e-18 -1.273139671926e-18 -1.312417622853e-18 -1.327104000000e-18 
              4010 -1.308109356292e-18 -1.306253092206e-18 -1.295529076563e-18 -1.255791123590e-18 -1.228241786728e-18 -1.273140431124e-18 -1.312418069665e-18 -1.327104000000e-18 
              4020 -1.308109356292e-18 -1.306252747939e-18 -1.295528428098e-18 -1.255790860785e-18 -1.228242227287e-18 -1.273141443668e-18 -1.312418403537e-18 -1.327104000000e-18 
              4030 -1.308109356292e-18 -1.306252402777e-18 -1.295527747616e-18 -1.255790759034e-18 -1.228242809796e-18 -1.273142316641e-18 -1.312418803511e-18 -1.327104000000e-18 
              4040 -1.308109356292e-18 -1.306252056218e-18 -1.295527115761e-18 -1.255790384314e-18 -1.228243154298e-18 -1.273143429108e-18 -1.312419094649e-18 -1.327104000000e-18 
              4050 -1.308109356292e-18 -1.306251706656e-18 -1.295526423633e-18 -1.255790298070e-18 -1.228243756698e-18 -1.273144295852e-18 -1.312419506128e-18 -1.327104000000e-18 
              4060 -1.308109356292e-18 -1.306251359016e-18 -1.295525781271e-18 -1.255789968598e-18 -1.228244140813e-18 -1.273145368777e-18 -1.312419816577e-18 -1.327104000000e-18 
              4070 -1.308109356292e-18 -1.306251005600e-18 -1.295525086550e-18 -1.255789855666e-18 -1.228244725062e-18 -1.273146264881e-18 -1.312420221795e-18 -1.327104000000e-18 
              4080 -1.308109356292e-18 -1.306250655461e-18 -1.295524427172e-18 -1.255789590756e-18 -1.228245168546e-18 -1.273147284730e-18 -1.312420561177e-18 -1.327104000000e-18 
              4090 -1.308109356292e-18 -1.306250299106e-18 -1.295523733688e-18 -1.255789440639e-18 -1.228245723711e-18 -1.273148217358e-18 -1.312420954726e-18 -1.327104000000e-18 
              4100 -1.308109356292e-18 -1.306249944653e-18 -1.295523055686e-18 -1.255789229305e-18 -1.228246220463e-18 -1.273149197866e-18 -1.312421320908e-18 -1.327104000000e-18 
              4110 -1.308109356292e-18 -1.306249584342e-18 -1.295522350130e-18 -1.255789101869e-18 -1.228246801074e-18 -1.273150117272e-18 -1.312421728293e-18 -1.327104000000e-18 
              4120 -1.308109356292e-18 -1.306249226367e-18 -1.295521665771e-18 -1.255788887404e-18 -1.228247299835e-18 -1.273151106055e-18 -1.312422097330e-18 -1.327104000000e-18 
              4130 -1.308109356292e-18 -1.306248866041e-18 -1.295520971713e-18 -1.255788699715e-18 -1.228247825618e-18 -1.273152075664e-18 -1.312422480007e-18 -1.327104000000e-18 
              4140 -1.308109356292e-18 -1.306248502354e-18 -1.295520261121e-18 -1.255788564311e-18 -1.228248402732e-18 -1.273153006162e-18 -1.312422887913e-18 -1.327104000000e-18 
              4150 -1.308109356292e-18 -1.306248137310e-18 -1.295519521125e-18 -1.255788571050e-18 -1.228249106174e-18 -1.273153814775e-18 -1.312423354823e-18 -1.327104000000e-18 
              4160 -1.308109356292e-18 -1.306247772838e-18 -1.295518838488e-18 -1.255788279688e-18 -1.228249546058e-18 -1.273154880704e-18 -1.312423700322e-18 -1.327104000000e-18 
              4170 -1.308109356292e-18 -1.306247406865e-18 -1.295518093044e-18 -1.255788306420e-18 -1.228250266928e-18 -1.273155671861e-18 -1.312424176129e-18 -1.327104000000e-18 
              4180 -1.308109356292e-18 -1.306247038852e-18 -1.295517405990e-18 -1.255788001534e-18 -1.228250699861e-18 -1.273156755415e-18 -1.312424520316e-18 -1.327104000000e-18 
              4190 -1.308109356292e-18 -1.306246670402e-18 -1.295516681267e-18 -1.255787892619e-18 -1.228251304631e-18 -1.273157668216e-18 -1.312424944081e-18 -1.327104000000e-18 
              4200 -1.308109356292e-18 -1.306246300482e-18 -1.295515974038e-18 -1.255787675511e-18 -1.228251816405e-18 -1.273158677569e-18 -1.312425325815e-18 -1.327104000000e-18 
              4210 -1.308109356292e-18 -1.306245929373e-18 -1.295515274305e-18 -1.255787406356e-18 -1.228252283913e-18 -1.273159733952e-18 -1.312425687860e-18 -1.327104000000e-18 
              4220 -1.308109356292e-18 -1.306245559852e-18 -1.295514594550e-18 -1.255787048702e-18 -1.228252669940e-18 -1.273160863023e-18 -1.312426011965e-18 -1.327104000000e-18 
              4230 -1.308109356292e-18 -1.306245184536e-18 -1.295513860924e-18 -1.255786915468e-18 -1.228253262929e-18 -1.273161808434e-18 -1.312426433928e-18 -1.327104000000e-18 
              4240 -1.308109356292e-18 -1.306244813415e-18 -1.295513163681e-18 -1.255786634618e-18 -1.228253717687e-18 -1.273162872342e-18 -1.312426790766e-18 -1.327104000000e-18 
              4250 -1.308109356292e-18 -1.306244435445e-18 -1.295512429980e-18 -1.255786474362e-18 -1.228254290324e-18 -1.273163845373e-18 -1.312427204837e-18 -1.327104000000e-18 
              4260 -1.308109356292e-18 -1.306244060474e-18 -1.295511715016e-18 -1.255786247400e-18 -1.228254797990e-18 -1.273164869095e-18 -1.312427587994e-18 -1.327104000000e-18 
              4270 -1.308109356292e-18 -1.306243681529e-18 -1.295510983442e-18 -1.255786066482e-18 -1.228255352729e-18 -1.273165860570e-18 -1.312427994619e-18 -1.327104000000e-18 
              4280 -1.308109356292e-18 -1.306243302131e-18 -1.295510252968e-18 -1.255785875468e-18 -1.228255898673e-18 -1.273166861042e-18 -1.312428397574e-18 -1.327104000000e-18 
              4290 -1.308109356292e-18 -1.306242922017e-18 -1.295509523017e-18 -1.255785674499e-18 -1.228256436451e-18 -1.273167870918e-18 -1.312428797249e-18 -1.327104000000e-18 
              4300 -1.308109356292e-18 -1.306242538323e-18 -1.295508775164e-18 -1.255785530782e-18 -1.228257030389e-18 -1.273168838003e-18 -1.312429224411e-18 -1.327104000000e-18 
              4310 -1.308109356292e-18 -1.306242153765e-18 -1.295507996187e-18 -1.255785543615e-18 -1.228257762461e-18 -1.273169669774e-18 -1.312429715716e-18 -1.327104000000e-18 
              4320 -1.308109356292e-18 -1.306241770526e-18 -1.295507283730e-18 -1.255785217902e-18 -1.228258194425e-18 -1.273170792863e-18 -1.312430068476e-18 -1.327104000000e-18 
              4330 -1.308109356292e-18 -1.306241387093e-18 -1.295506560105e-18 -1.255784949975e-18 -1.228258676696e-18 -1.273171865287e-18 -1.312430444664e-18 -1.327104000000e-18 
              4340 -1.308109356292e-18 -1.306241000050e-18 -1.295505785070e-18 -1.255784916879e-18 -1.228259370914e-18 -1.273172740258e-18 -1.312430920065e-18 -1.327104000000e-18 
              4350 -1.308109356292e-18 -1.306240613611e-18 -1.295505023896e-18 -1.255784817197e-18 -1.228260004890e-18 -1.273173671201e-18 -1.312431367658e-18 -1.327104000000e-18 
              4360 -1.308109356292e-18 -1.306240225949e-18 -1.295504283470e-18 -1.255784594829e-18 -1.228260532853e-18 -1.273174711016e-18 -1.312431767096e-18 -1.327104000000e-18 
              4370 -1.308109356292e-18 -1.306239837328e-18 -1.295503556023e-18 -1.255784293846e-18 -1.228260992972e-18 -1.273175820745e-18 -1.312432135860e-18 -1.327104000000e-18 
              4380 -1.308109356292e-18 -1.306239451167e-18 -1.295502848245e-18 -1.255783915412e-18 -1.228261379909e-18 -1.273176991952e-18 -1.312432470102e-18 -1.327104000000e-18 
              4390 -1.308109356292e-18 -1.306239058509e-18 -1.295502081759e-18 -1.255783779540e-18 -1.228261990946e-18 -1.273177965241e-18 -1.312432910295e-18 -1.327104000000e-18 
              4400 -1.308109356292e-18 -1.306238666160e-18 -1.295501313688e-18 -1.255783655969e-18 -1.228262611514e-18 -1.273178926486e-18 -1.312433354904e-18 -1.327104000000e-18 
              4410 -1.308109356292e-18 -1.306238277069e-18 -1.295500592905e-18 -1.255783316893e-18 -1.228263036407e-18 -1.273180067833e-18 -1.312433708275e-18 -1.327104000000e-18 
              4420 -1.308109356292e-18 -1.306237886397e-18 -1.295499850600e-18 -1.255783075677e-18 -1.228263549395e-18 -1.273181126728e-18 -1.312434102987e-18 -1.327104000000e-18 
              4430 -1.308109356292e-18 -1.306237491647e-18 -1.295499091156e-18 -1.255782882321e-18 -1.228264111256e-18 -1.273182152124e-18 -1.312434521995e-18 -1.327104000000e-18 
              4440 -1.308109356292e-18 -1.306237096388e-18 -1.295498331687e-18 -1.255782684253e-18 -1.228264669285e-18 -1.273183182166e-18 -1.312434939590e-18 -1.327104000000e-18 
              4450 -1.308109356292e-18 -1.306236700896e-18 -1.295497574155e-18 -1.255782473927e-18 -1.228265216361e-18 -1.273184222769e-18 -1.312435352381e-18 -1.327104000000e-18 
              4460 -1.308109356292e-18 -1.306236301958e-18 -1.295496799222e-18 -1.255782319726e-18 -1.228265818387e-18 -1.273185221384e-18 -1.312435791997e-18 -1.327104000000e-18 
              4470 -1.308109356292e-18 -1.306235906117e-18 -1.295496046471e-18 -1.255782081464e-18 -1.228266340367e-18 -1.273186285942e-18 -1.312436193651e-18 -1.327104000000e-18 
              4480 -1.308109356292e-18 -1.306235505078e-18 -1.295495256737e-18 -1.255781984458e-18 -1.228266995180e-18 -1.273187238130e-18 -1.312436658678e-18 -1.327104000000e-18 
              4490 -1.308109356292e-18 -1.306235107250e-18 -1.295494506081e-18 -1.255781714983e-18 -1.228267492243e-18 -1.273188333088e-18 -1.312437049943e-18 -1.327104000000e-18 
              4500 -1.308109356292e-18 -1.306234705767e-18 -1.295493701648e-18 -1.255781692358e-18 -1.228268211875e-18 -1.273189220335e-18 -1.312437545221e-18 -1.327104000000e-18 
              4510 -1.308109356292e-18 -1.306234305348e-18 -1.295492915661e-18 -1.255781583780e-18 -1.228268853592e-18 -1.273190179645e-18 -1.312438004343e-18 -1.327104000000e-18 
              4520 -1.308109356292e-18 -1.306233903919e-18 -1.295492152812e-18 -1.255781342268e-18 -1.228269380022e-18 -1.273191256452e-18 -1.312438410957e-18 -1.327104000000e-18 
              4530 -1.308109356292e-18 -1.306233501819e-18 -1.295491401298e-18 -1.255781034019e-18 -1.228269848600e-18 -1.273192392360e-18 -1.312438791361e-18 -1.327104000000e-18 
              4540 -1.308109356292e-18 -1.306233099268e-18 -1.295490617544e-18 -1.255780892570e-18 -1.228270463677e-18 -1.273193383395e-18 -1.312439239448e-18 -1.327104000000e-18 
              4550 -1.308109356292e-18 -1.306232697112e-18 -1.295489881002e-18 -1.255780505504e-18 -1.228270862117e-18 -1.273194587130e-18 -1.312439587850e-18 -1.327104000000e-18 
              4560 -1.308109356292e-18 -1.306232291891e-18 -1.295489090564e-18 -1.255780372148e-18 -1.228271488060e-18 -1.273195575899e-18 -1.312440042257e-18 -1.327104000000e-18 
              4570 -1.308109356292e-18 -1.306231890551e-18 -1.295488350275e-18 -1.255780014863e-18 -1.228271910009e-18 -1.273196751003e-18 -1.312440401364e-18 -1.327104000000e-18 
              4580 -1.308109356292e-18 -1.306231487447e-18 -1.295487585582e-18 -1.255779768777e-18 -1.228272432141e-18 -1.273197832558e-18 -1.312440807377e-18 -1.327104000000e-18 
              4590 -1.308109356292e-18 -1.306231080189e-18 -1.295486803662e-18 -1.255779570244e-18 -1.228273003027e-18 -1.273198881128e-18 -1.312441237626e-18 -1.327104000000e-18 
              4600 -1.308109356292e-18 -1.306230671400e-18 -1.295486015100e-18 -1.255779391190e-18 -1.228273593252e-18 -1.273199915577e-18 -1.312441677500e-18 -1.327104000000e-18 
              4610 -1.308109356292e-18 -1.306230266156e-18 -1.295485246108e-18 -1.255779146818e-18 -1.228274119201e-18 -1.273200998921e-18 -1.312442086458e-18 -1.327104000000e-18 
              4620 -1.308109356292e-18 -1.306229855417e-18 -1.295484451079e-18 -1.255778982486e-18 -1.228274724832e-18 -1.273202023901e-18 -1.312442534418e-18 -1.327104000000e-18 
              4630 -1.308109356292e-18 -1.306229447992e-18 -1.295483677312e-18 -1.255778741296e-18 -1.228275256507e-18 -1.273203108290e-18 -1.312442947106e-18 -1.327104000000e-18 
              4640 -1.308109356292e-18 -1.306229035115e-18 -1.295482864686e-18 -1.255778648650e-18 -1.228275927844e-18 -1.273204074572e-18 -1.312443426343e-18 -1.327104000000e-18 
              4650 -1.308109356292e-18 -1.306228626331e-18 -1.295482096905e-18 -1.255778362412e-18 -1.228276421474e-18 -1.273205200318e-18 -1.312443822294e-18 -1.327104000000e-18 
              4660 -1.308109356292e-18 -1.306228213633e-18 -1.295481272131e-18 -1.255778337251e-18 -1.228277150630e-18 -1.273206106626e-18 -1.312444328207e-18 -1.327104000000e-18 
              4670 -1.308109356292e-18 -1.306227803153e-18 -1.295480509481e-18 -1.255778006945e-18 -1.228277607705e-18 -1.273207273623e-18 -1.312444708237e-18 -1.327104000000e-18 
              4680 -1.308109356292e-18 -1.306227390872e-18 -1.295479685046e-18 -1.255777985568e-18 -1.228278338428e-18 -1.273208174982e-18 -1.312445214867e-18 -1.327104000000e-18 
              4690 -1.308109356292e-18 -1.306226978235e-18 -1.295478913719e-18 -1.255777679472e-18 -1.228278819666e-18 -1.273209324767e-18 -1.312445607074e-18 -1.327104000000e-18 
              4700 -1.308109356292e-18 -1.306226565330e-18 -1.295478111473e-18 -1.255777535018e-18 -1.228279442628e-18 -1.273210333942e-18 -1.312446064599e-18 -1.327104000000e-18 
              4710 -1.308109356292e-18 -1.306226153144e-18 -1.295477361986e-18 -1.255777119197e-18 -1.228279825873e-18 -1.273211577645e-18 -1.312446411760e-18 -1.327104000000e-18 
              4720 -1.308109356292e-18 -1.306225737685e-18 -1.295476551603e-18 -1.255776991851e-18 -1.228280467509e-18 -1.273212576667e-18 -1.312446879088e-18 -1.327104000000e-18 
              4730 -1.308109356292e-18 -1.306225326693e-18 -1.295475795860e-18 -1.255776623119e-18 -1.228280888934e-18 -1.273213776115e-18 -1.312447243463e-18 -1.327104000000e-18 
              4740 -1.308109356292e-18 -1.306224909406e-18 -1.295474986745e-18 -1.255776470790e-18 -1.228281511037e-18 -1.273214800129e-18 -1.312447702729e-18 -1.327104000000e-18 
              4750 -1.308109356292e-18 -1.306224497774e-18 -1.295474217465e-18 -1.255776168187e-18 -1.228281990680e-18 -1.273215942674e-18 -1.312448094274e-18 -1.327104000000e-18 
              4760 -1.308109356292e-18 -1.306224079689e-18 -1.295473413658e-18 -1.255775980433e-18 -1.228282582240e-18 -1.273216998597e-18 -1.312448539989e-18 -1.327104000000e-18 
              4770 -1.308109356292e-18 -1.306223665259e-18 -1.295472628622e-18 -1.255775732754e-18 -1.228283114192e-18 -1.273218098640e-18 -1.312448956874e-18 -1.327104000000e-18 
              4780 -1.308109356292e-18 -1.306223244919e-18 -1.295471815968e-18 -1.255775569148e-18 -1.228283730088e-18 -1.273219137747e-18 -1.312449414847e-18 -1.327104000000e-18 
              4790 -1.308109356292e-18 -1.306222828756e-18 -1.295471027977e-18 -1.255775319852e-18 -1.228284262854e-18 -1.273220242242e-18 -1.312449832968e-18 -1.327104000000e-18 
              4800 -1.308109356292e-18 -1.306222410925e-18 -1.295470231581e-18 -1.255775097951e-18 -1.228284822210e-18 -1.273221326141e-18 -1.312450264065e-18 -1.327104000000e-18 
              4810 -1.308109356292e-18 -1.306221990180e-18 -1.295469419502e-18 -1.255774928809e-18 -1.228285432644e-18 -1.273222370030e-18 -1.312450719896e-18 -1.327104000000e-18 
              4820 -1.308109356292e-18 -1.306221568583e-18 -1.295468578900e-18 -1.255774902304e-18 -1.228286169244e-18 -1.273223291213e-18 -1.312451234076e-18 -1.327104000000e-18 
              4830 -1.308109356292e-18 -1.306221149595e-18 -1.295467799637e-18 -1.255774579159e-18 -1.228286640599e-18 -1.273224464897e-18 -1.312451625440e-18 -1.327104000000e-18 
              4840 -1.308109356292e-18 -1.306220729058e-18 -1.295466957310e-18 -1.255774574238e-18 -1.228287393354e-18 -1.273225364473e-18 -1.312452146708e-18 -1.327104000000e-18 
              4850 -1.308109356292e-18 -1.306220308141e-18 -1.295466176704e-18 -1.255774238936e-18 -1.228287856665e-18 -1.273226552310e-18 -1.312452535314e-18 -1.327104000000e-18 
              4860 -1.308109356292e-18 -1.306219887221e-18 -1.295465359128e-18 -1.255774100031e-18 -1.228288491773e-18 -1.273227568844e-18 -1.312453002842e-18 -1.327104000000e-18 
              4870 -1.308109356292e-18 -1.306219465910e-18 -1.295464561154e-18 -1.255773853782e-18 -1.228289033036e-18 -1.273228679436e-18 -1.312453427510e-18 -1.327104000000e-18 
              4880 -1.308109356292e-18 -1.306219044358e-18 -1.295463772495e-18 -1.255773556244e-18 -1.228289529345e-18 -1.273229834953e-18 -1.312453831709e-18 -1.327104000000e-18 
              4890 -1.308109356292e-18 -1.306218625776e-18 -1.295463006433e-18 -1.255773171207e-18 -1.228289943178e-18 -1.273231060117e-18 -1.312454196869e-18 -1.327104000000e-18 
              4900 -1.308109356292e-18 -1.306218201008e-18 -1.295462185711e-18 -1.255773010542e-18 -1.228290564460e-18 -1.273232102763e-18 -1.312454659884e-18 -1.327104000000e-18 
              4910 -1.308109356292e-18 -1.306217782264e-18 -1.295461404824e-18 -1.255772703507e-18 -1.228291046178e-18 -1.273233259866e-18 -1.312455056382e-18 -1.327104000000e-18 
              4920 -1.308109356292e-18 -1.306217356407e-18 -1.295460587008e-18 -1.255772517112e-18 -1.228291646037e-18 -1.273234326755e-18 -1.312455510126e-18 -1.327104000000e-18 
              4930 -1.308109356292e-18 -1.306216934975e-18 -1.295459790594e-18 -1.255772265008e-18 -1.228292179945e-18 -1.273235441270e-18 -1.312455931803e-18 -1.327104000000e-18 
              4940 -1.308109356292e-18 -1.306216509842e-18 -1.295458978109e-18 -1.255772059298e-18 -1.228292760772e-18 -1.273236522983e-18 -1.312456376610e-18 -1.327104000000e-18 
              4950 -1.308109356292e-18 -1.306216085085e-18 -1.295458168285e-18 -1.255771844147e-18 -1.228293332251e-18 -1.273237611926e-18 -1.312456817018e-18 -1.327104000000e-18 
              4960 -1.308109356292e-18 -1.306215660391e-18 -1.295457360456e-18 -1.255771619664e-18 -1.228293895042e-18 -1.273238708613e-18 -1.312457253462e-18 -1.327104000000e-18 
              4970 -1.308109356292e-18 -1.306215232407e-18 -1.295456535282e-18 -1.255771452789e-18 -1.228294513848e-18 -1.273239761945e-18 -1.312457717026e-18 -1.327104000000e-18 
              4980 -1.308109356292e-18 -1.306214803966e-18 -1.295455679655e-18 -1.255771442860e-18 -1.228295270723e-18 -1.273240679392e-18 -1.312458244153e-18 -1.327104000000e-18 
              4990 -1.308109356292e-18 -1.306214378485e-18 -1.295454893814e-18 -1.255771095501e-18 -1.228295725998e-18 -1.273241884101e-18 -1.312458631746e-18 -1.327104000000e-18 
              5000 -1.308109356292e-18 -1.306213953441e-18 -1.295454097950e-18 -1.255770806446e-18 -1.228296231246e-18 -1.273243036924e-18 -1.312459042124e-18 -1.327104000000e-18 
