#              step               time            E_total                m_x                m_y                m_z 
#                                    s                  J                                                          
                 1 0.000000000000e+00 3.686646313234e-18 1.550177261522e-06 -1.550177261318e-06 2.451037601098e-02 
                 1 0.000000000000e+00 3.686646313234e-18 1.550177261522e-06 -1.550177261318e-06 2.451037601098e-02 
                 2 5.000000000000e-11 3.696090391477e-18 -5.289605656824e-03 4.708816140708e-02 2.458599603468e-02 
                 2 5.000000000000e-11 3.696090391477e-18 -5.289605656824e-03 4.708816140708e-02 2.458599603468e-02 
                 3 1.000000000000e-10 3.714526269051e-18 -2.306285498489e-02 8.586843042765e-02 2.390962142555e-02 
                 3 1.000000000000e-10 3.714526269051e-18 -2.306285498489e-02 8.586843042765e-02 2.390962142555e-02 
                 4 1.500000000000e-10 3.745913897501e-18 -4.954768170011e-02 1.249496098393e-01 2.380558770890e-02 
                 4 1.500000000000e-10 3.745913897501e-18 -4.954768170011e-02 1.249496098393e-01 2.380558770890e-02 
                 5 2.000000000000e-10 3.784254806111e-18 -7.970309993905e-02 1.513480420178e-01 2.258215472017e-02 
                 5 2.000000000000e-10 3.784254806111e-18 -7.970309993905e-02 1.513480420178e-01 2.258215472017e-02 
                 6 2.500000000000e-10 3.829015260004e-18 -1.172275852589e-01 1.716557796633e-01 2.217113208889e-02 
                 6 2.500000000000e-10 3.829015260004e-18 -1.172275852589e-01 1.716557796633e-01 2.217113208889e-02 
                 7 3.000000000000e-10 3.875916339975e-18 -1.555698543326e-01 1.821862055454e-01 2.122790783377e-02 
                 7 3.000000000000e-10 3.875916339975e-18 -1.555698543326e-01 1.821862055454e-01 2.122790783377e-02 
                 8 3.500000000000e-10 3.920761014068e-18 -1.930863449054e-01 1.830813661682e-01 2.049768382608e-02 
                 8 3.500000000000e-10 3.920761014068e-18 -1.930863449054e-01 1.830813661682e-01 2.049768382608e-02 
                 9 4.000000000000e-10 3.962572142682e-18 -2.289058021435e-01 1.768594614504e-01 1.969494119919e-02 
                 9 4.000000000000e-10 3.962572142682e-18 -2.289058021435e-01 1.768594614504e-01 1.969494119919e-02 
                10 4.500000000000e-10 3.998108917744e-18 -2.608303471991e-01 1.606851355119e-01 1.897031982027e-02 
                10 4.500000000000e-10 3.998108917744e-18 -2.608303471991e-01 1.606851355119e-01 1.897031982027e-02 
                11 5.000000000000e-10 4.025704830060e-18 -2.879098204364e-01 1.403530251461e-01 1.838631964288e-02 
                11 5.000000000000e-10 4.025704830060e-18 -2.879098204364e-01 1.403530251461e-01 1.838631964288e-02 
                12 5.500000000000e-10 4.043411229285e-18 -3.069371449242e-01 1.145294734878e-01 1.831834159502e-02 
                12 5.500000000000e-10 4.043411229285e-18 -3.069371449242e-01 1.145294734878e-01 1.831834159502e-02 
                13 6.000000000000e-10 4.052747210815e-18 -3.202301531625e-01 8.369844805883e-02 1.775621551787e-02 
                13 6.000000000000e-10 4.052747210815e-18 -3.202301531625e-01 8.369844805883e-02 1.775621551787e-02 
                14 6.500000000000e-10 4.052099294276e-18 -3.270822181596e-01 5.280908665450e-02 1.821406024368e-02 
                14 6.500000000000e-10 4.052099294276e-18 -3.270822181596e-01 5.280908665450e-02 1.821406024368e-02 
                15 7.000000000000e-10 4.044032610338e-18 -3.258288225055e-01 2.244576144658e-02 1.817313989843e-02 
                15 7.000000000000e-10 4.044032610338e-18 -3.258288225055e-01 2.244576144658e-02 1.817313989843e-02 
                16 7.500000000000e-10 4.028105278150e-18 -3.200395281577e-01 -7.434641055800e-03 1.820110219396e-02 
                16 7.500000000000e-10 4.028105278150e-18 -3.200395281577e-01 -7.434641055800e-03 1.820110219396e-02 
                17 8.000000000000e-10 4.004325129455e-18 -3.065305071645e-01 -3.356351215075e-02 1.883325485384e-02 
                17 8.000000000000e-10 4.004325129455e-18 -3.065305071645e-01 -3.356351215075e-02 1.883325485384e-02 
                18 8.500000000000e-10 3.977177392629e-18 -2.901952086922e-01 -5.595385864389e-02 1.893031266490e-02 
                18 8.500000000000e-10 3.977177392629e-18 -2.901952086922e-01 -5.595385864389e-02 1.893031266490e-02 
                19 9.000000000000e-10 3.946423587252e-18 -2.708610555992e-01 -7.192925818407e-02 1.983996816279e-02 
                19 9.000000000000e-10 3.946423587252e-18 -2.708610555992e-01 -7.192925818407e-02 1.983996816279e-02 
                20 9.500000000000e-10 3.912062825640e-18 -2.473704707141e-01 -8.211838098117e-02 2.024006145550e-02 
                20 9.500000000000e-10 3.912062825640e-18 -2.473704707141e-01 -8.211838098117e-02 2.024006145550e-02 
                21 1.000000000000e-09 3.875815931613e-18 -2.223856882984e-01 -8.843726191701e-02 2.073309609986e-02 
                21 1.000000000000e-09 3.875815931613e-18 -2.223856882984e-01 -8.843726191701e-02 2.073309609986e-02 
                22 1.050000000000e-09 3.841026848566e-18 -1.984136721689e-01 -8.665540078056e-02 2.164106374405e-02 
                22 1.050000000000e-09 3.841026848566e-18 -1.984136721689e-01 -8.665540078056e-02 2.164106374405e-02 
                23 1.100000000000e-09 3.809626780916e-18 -1.754996976542e-01 -7.938422317815e-02 2.206182104725e-02 
                23 1.100000000000e-09 3.809626780916e-18 -1.754996976542e-01 -7.938422317815e-02 2.206182104725e-02 
                24 1.150000000000e-09 3.782531811722e-18 -1.555560874649e-01 -6.946495384537e-02 2.234256272894e-02 
                24 1.150000000000e-09 3.782531811722e-18 -1.555560874649e-01 -6.946495384537e-02 2.234256272894e-02 
                25 1.200000000000e-09 3.761838889626e-18 -1.404089167602e-01 -5.449686425548e-02 2.293525763621e-02 
                25 1.200000000000e-09 3.761838889626e-18 -1.404089167602e-01 -5.449686425548e-02 2.293525763621e-02 
                26 1.250000000000e-09 3.747217273852e-18 -1.294425178417e-01 -3.594739904960e-02 2.325609789227e-02 
                26 1.250000000000e-09 3.747217273852e-18 -1.294425178417e-01 -3.594739904960e-02 2.325609789227e-02 
                27 1.300000000000e-09 3.737431291307e-18 -1.217003384453e-01 -1.544297018536e-02 2.344053134396e-02 
                27 1.300000000000e-09 3.737431291307e-18 -1.217003384453e-01 -1.544297018536e-02 2.344053134396e-02 
                28 1.350000000000e-09 3.734483001261e-18 -1.184799145331e-01 5.180570839702e-03 2.335520257296e-02 
                28 1.350000000000e-09 3.734483001261e-18 -1.184799145331e-01 5.180570839702e-03 2.335520257296e-02 
                29 1.400000000000e-09 3.739034344613e-18 -1.216230877126e-01 2.478537761281e-02 2.340328463143e-02 
                29 1.400000000000e-09 3.739034344613e-18 -1.216230877126e-01 2.478537761281e-02 2.340328463143e-02 
                30 1.450000000000e-09 3.748389827782e-18 -1.283407710571e-01 4.348067869641e-02 2.326240253537e-02 
                30 1.450000000000e-09 3.748389827782e-18 -1.283407710571e-01 4.348067869641e-02 2.326240253537e-02 
                31 1.500000000000e-09 3.761194102745e-18 -1.372441100293e-01 5.982811275437e-02 2.288326445793e-02 
                31 1.500000000000e-09 3.761194102745e-18 -1.372441100293e-01 5.982811275437e-02 2.288326445793e-02 
                32 1.550000000000e-09 3.777751045849e-18 -1.492027425933e-01 7.246798056690e-02 2.247617566775e-02 
                32 1.550000000000e-09 3.777751045849e-18 -1.492027425933e-01 7.246798056690e-02 2.247617566775e-02 
                33 1.600000000000e-09 3.797126803251e-18 -1.637125945438e-01 8.050364788291e-02 2.215540198016e-02 
                33 1.600000000000e-09 3.797126803251e-18 -1.637125945438e-01 8.050364788291e-02 2.215540198016e-02 
                34 1.650000000000e-09 3.817520169672e-18 -1.795158377473e-01 8.446839980529e-02 2.189547202753e-02 
                34 1.650000000000e-09 3.817520169672e-18 -1.795158377473e-01 8.446839980529e-02 2.189547202753e-02 
                35 1.700000000000e-09 3.837913259174e-18 -1.956921559874e-01 8.578717509937e-02 2.156198087899e-02 
                35 1.700000000000e-09 3.837913259174e-18 -1.956921559874e-01 8.578717509937e-02 2.156198087899e-02 
                36 1.750000000000e-09 3.857327207200e-18 -2.111778198129e-01 8.410924498545e-02 2.111979845432e-02 
                36 1.750000000000e-09 3.857327207200e-18 -2.111778198129e-01 8.410924498545e-02 2.111979845432e-02 
                37 1.800000000000e-09 3.874042509402e-18 -2.248499806648e-01 7.825983104125e-02 2.072687877071e-02 
                37 1.800000000000e-09 3.874042509402e-18 -2.248499806648e-01 7.825983104125e-02 2.072687877071e-02 
                38 1.850000000000e-09 3.886448596219e-18 -2.357183291712e-01 6.875612226280e-02 2.053883726831e-02 
                38 1.850000000000e-09 3.886448596219e-18 -2.357183291712e-01 6.875612226280e-02 2.053883726831e-02 
                39 1.900000000000e-09 3.894162126596e-18 -2.432446971159e-01 5.727907331687e-02 2.051746717911e-02 
                39 1.900000000000e-09 3.894162126596e-18 -2.432446971159e-01 5.727907331687e-02 2.051746717911e-02 
                40 1.950000000000e-09 3.898044191688e-18 -2.478372853023e-01 4.487786707390e-02 2.052975446314e-02 
                40 1.950000000000e-09 3.898044191688e-18 -2.478372853023e-01 4.487786707390e-02 2.052975446314e-02 
                41 2.000000000000e-09 3.899171029504e-18 -2.503582834940e-01 3.202254174478e-02 2.050493564449e-02 
                41 2.000000000000e-09 3.899171029504e-18 -2.503582834940e-01 3.202254174478e-02 2.050493564449e-02 
                42 2.050000000000e-09 3.897659303875e-18 -2.509243252090e-01 1.916021755222e-02 2.046027165624e-02 
                42 2.050000000000e-09 3.897659303875e-18 -2.509243252090e-01 1.916021755222e-02 2.046027165624e-02 
                43 2.100000000000e-09 3.892607212238e-18 -2.487570500888e-01 6.843596482101e-03 2.047674729304e-02 
                43 2.100000000000e-09 3.892607212238e-18 -2.487570500888e-01 6.843596482101e-03 2.047674729304e-02 
                44 2.150000000000e-09 3.883443218116e-18 -2.433025165718e-01 -4.301640829561e-03 2.060181093183e-02 
                44 2.150000000000e-09 3.883443218116e-18 -2.433025165718e-01 -4.301640829561e-03 2.060181093183e-02 
                45 2.200000000000e-09 3.870913513668e-18 -2.351043024637e-01 -1.361552602649e-02 2.080587508491e-02 
                45 2.200000000000e-09 3.870913513668e-18 -2.351043024637e-01 -1.361552602649e-02 2.080587508491e-02 
                46 2.250000000000e-09 3.856620936213e-18 -2.253864987537e-01 -2.026750903508e-02 2.107779593326e-02 
                46 2.250000000000e-09 3.856620936213e-18 -2.253864987537e-01 -2.026750903508e-02 2.107779593326e-02 
                47 2.300000000000e-09 3.842046093768e-18 -2.151847226381e-01 -2.358253991855e-02 2.139976639019e-02 
                47 2.300000000000e-09 3.842046093768e-18 -2.151847226381e-01 -2.358253991855e-02 2.139976639019e-02 
                48 2.350000000000e-09 3.828096821751e-18 -2.051075603357e-01 -2.362411066512e-02 2.172099279925e-02 
                48 2.350000000000e-09 3.828096821751e-18 -2.051075603357e-01 -2.362411066512e-02 2.172099279925e-02 
                49 2.400000000000e-09 3.815247093334e-18 -1.955258292085e-01 -2.112577578937e-02 2.198523702105e-02 
                49 2.400000000000e-09 3.815247093334e-18 -1.955258292085e-01 -2.112577578937e-02 2.198523702105e-02 
                50 2.450000000000e-09 3.803826213516e-18 -1.867675332726e-01 -1.693853915359e-02 2.216691278468e-02 
                50 2.450000000000e-09 3.803826213516e-18 -1.867675332726e-01 -1.693853915359e-02 2.216691278468e-02 
                51 2.500000000000e-09 3.794213334685e-18 -1.792054852931e-01 -1.162556675482e-02 2.227777148255e-02 
                51 2.500000000000e-09 3.794213334685e-18 -1.792054852931e-01 -1.162556675482e-02 2.227777148255e-02 
                52 2.550000000000e-09 3.786887053037e-18 -1.732607782684e-01 -5.463695990154e-03 2.234347681377e-02 
                52 2.550000000000e-09 3.786887053037e-18 -1.732607782684e-01 -5.463695990154e-03 2.234347681377e-02 
                53 2.600000000000e-09 3.782302675949e-18 -1.693225686169e-01 1.322027956518e-03 2.238589978019e-02 
                53 2.600000000000e-09 3.782302675949e-18 -1.693225686169e-01 1.322027956518e-03 2.238589978019e-02 
                54 2.650000000000e-09 3.780654728369e-18 -1.675891065181e-01 8.411118304559e-03 2.241552402035e-02 
                54 2.650000000000e-09 3.780654728369e-18 -1.675891065181e-01 8.411118304559e-03 2.241552402035e-02 
                55 2.700000000000e-09 3.781719258443e-18 -1.679340040559e-01 1.541752484886e-02 2.243122739129e-02 
                55 2.700000000000e-09 3.781719258443e-18 -1.679340040559e-01 1.541752484886e-02 2.243122739129e-02 
                56 2.750000000000e-09 3.784945968507e-18 -1.699601339498e-01 2.199680216473e-02 2.242601757556e-02 
                56 2.750000000000e-09 3.784945968507e-18 -1.699601339498e-01 2.199680216473e-02 2.242601757556e-02 
                57 2.800000000000e-09 3.789712120328e-18 -1.732009767836e-01 2.791201429164e-02 2.239437953589e-02 
                57 2.800000000000e-09 3.789712120328e-18 -1.732009767836e-01 2.791201429164e-02 2.239437953589e-02 
                58 2.850000000000e-09 3.795516646144e-18 -1.772825118419e-01 3.303857947270e-02 2.233531572891e-02 
                58 2.850000000000e-09 3.795516646144e-18 -1.772825118419e-01 3.303857947270e-02 2.233531572891e-02 
                59 2.900000000000e-09 3.802024533628e-18 -1.819569876003e-01 3.732806511130e-02 2.225024629393e-02 
                59 2.900000000000e-09 3.802024533628e-18 -1.819569876003e-01 3.732806511130e-02 2.225024629393e-02 
                60 2.950000000000e-09 3.809013134605e-18 -1.870595725900e-01 4.075497618563e-02 2.214081564974e-02 
                60 2.950000000000e-09 3.809013134605e-18 -1.870595725900e-01 4.075497618563e-02 2.214081564974e-02 
                61 3.000000000000e-09 3.816295886673e-18 -1.924498926528e-01 4.326851159473e-02 2.200933264613e-02 
                61 3.000000000000e-09 3.816295886673e-18 -1.924498926528e-01 4.326851159473e-02 2.200933264613e-02 
                62 3.050000000000e-09 3.823662347121e-18 -1.979701072298e-01 4.476373216759e-02 2.186073018918e-02 
                62 3.050000000000e-09 3.823662347121e-18 -1.979701072298e-01 4.476373216759e-02 2.186073018918e-02 
                63 3.100000000000e-09 3.830850653415e-18 -2.034297362786e-01 4.509238063189e-02 2.170466292051e-02 
                63 3.100000000000e-09 3.830850653415e-18 -2.034297362786e-01 4.509238063189e-02 2.170466292051e-02 
                64 3.150000000000e-09 3.837561415471e-18 -2.086175899620e-01 4.411683118395e-02 2.155400205382e-02 
                64 3.150000000000e-09 3.837561415471e-18 -2.086175899620e-01 4.411683118395e-02 2.155400205382e-02 
                65 3.200000000000e-09 3.843506959185e-18 -2.133341316005e-01 4.177948838154e-02 2.141991488885e-02 
                65 3.200000000000e-09 3.843506959185e-18 -2.133341316005e-01 4.177948838154e-02 2.141991488885e-02 
                66 3.250000000000e-09 3.848461909433e-18 -2.174204688747e-01 3.814335551388e-02 2.130678796461e-02 
                66 3.250000000000e-09 3.848461909433e-18 -2.174204688747e-01 3.814335551388e-02 2.130678796461e-02 
                67 3.300000000000e-09 3.852267498967e-18 -2.207561427589e-01 3.338590825196e-02 2.121220069179e-02 
                67 3.300000000000e-09 3.852267498967e-18 -2.207561427589e-01 3.338590825196e-02 2.121220069179e-02 
                68 3.350000000000e-09 3.854775527378e-18 -2.232162712487e-01 2.777432090025e-02 2.113317623897e-02 
                68 3.350000000000e-09 3.854775527378e-18 -2.232162712487e-01 2.777432090025e-02 2.113317623897e-02 
                69 3.400000000000e-09 3.855783080515e-18 -2.246210427880e-01 2.165336173948e-02 2.107375620845e-02 
                69 3.400000000000e-09 3.855783080515e-18 -2.246210427880e-01 2.165336173948e-02 2.107375620845e-02 
                70 3.450000000000e-09 3.855047782286e-18 -2.247445642989e-01 1.544256597119e-02 2.104687204935e-02 
                70 3.450000000000e-09 3.855047782286e-18 -2.247445642989e-01 1.544256597119e-02 2.104687204935e-02 
                71 3.500000000000e-09 3.852423198297e-18 -2.234214967059e-01 9.615226602765e-03 2.106711199111e-02 
                71 3.500000000000e-09 3.852423198297e-18 -2.234214967059e-01 9.615226602765e-03 2.106711199111e-02 
                72 3.550000000000e-09 3.848024491073e-18 -2.206863990650e-01 4.644198077534e-03 2.114047145835e-02 
                72 3.550000000000e-09 3.848024491073e-18 -2.206863990650e-01 4.644198077534e-03 2.114047145835e-02 
                73 3.600000000000e-09 3.842271025822e-18 -2.168162295023e-01 9.222849357280e-04 2.125993311708e-02 
                73 3.600000000000e-09 3.842271025822e-18 -2.168162295023e-01 9.222849357280e-04 2.125993311708e-02 
                74 3.650000000000e-09 3.835765745335e-18 -2.122393950997e-01 -1.323385980067e-03 2.140786975882e-02 
                74 3.650000000000e-09 3.835765745335e-18 -2.122393950997e-01 -1.323385980067e-03 2.140786975882e-02 
                75 3.700000000000e-09 3.829122468496e-18 -2.074068573979e-01 -2.081728034213e-03 2.156230099985e-02 
                75 3.700000000000e-09 3.829122468496e-18 -2.074068573979e-01 -2.081728034213e-03 2.156230099985e-02 
                76 3.750000000000e-09 3.822856456422e-18 -2.027140913804e-01 -1.531221656026e-03 2.170425867219e-02 
                76 3.750000000000e-09 3.822856456422e-18 -2.027140913804e-01 -1.531221656026e-03 2.170425867219e-02 
                77 3.800000000000e-09 3.817355361122e-18 -1.984775553285e-01 4.795915383436e-05 2.182243558113e-02 
                77 3.800000000000e-09 3.817355361122e-18 -1.984775553285e-01 4.795915383436e-05 2.182243558113e-02 
                78 3.850000000000e-09 3.812888650315e-18 -1.949336071650e-01 2.363434535904e-03 2.191345297659e-02 
                78 3.850000000000e-09 3.812888650315e-18 -1.949336071650e-01 2.363434535904e-03 2.191345297659e-02 
                79 3.900000000000e-09 3.809621025748e-18 -1.922399512031e-01 5.160380124812e-03 2.197906922487e-02 
                79 3.900000000000e-09 3.809621025748e-18 -1.922399512031e-01 5.160380124812e-03 2.197906922487e-02 
                80 3.950000000000e-09 3.807620379739e-18 -1.904763383998e-01 8.231128150593e-03 2.202277755159e-02 
                80 3.950000000000e-09 3.807620379739e-18 -1.904763383998e-01 8.231128150593e-03 2.202277755159e-02 
                81 4.000000000000e-09 3.806865285629e-18 -1.896484453997e-01 1.140574314512e-02 2.204758642335e-02 
                81 4.000000000000e-09 3.806865285629e-18 -1.896484453997e-01 1.140574314512e-02 2.204758642335e-02 
                82 4.050000000000e-09 3.807258934746e-18 -1.896985837666e-01 1.454122930087e-02 2.205526256867e-02 
                82 4.050000000000e-09 3.807258934746e-18 -1.896985837666e-01 1.454122930087e-02 2.205526256867e-02 
                83 4.100000000000e-09 3.808650728424e-18 -1.905231173575e-01 1.751490149678e-02 2.204657835267e-02 
                83 4.100000000000e-09 3.808650728424e-18 -1.905231173575e-01 1.751490149678e-02 2.204657835267e-02 
                84 4.150000000000e-09 3.810860507788e-18 -1.919922764793e-01 2.022042014742e-02 2.202195267191e-02 
                84 4.150000000000e-09 3.810860507788e-18 -1.919922764793e-01 2.022042014742e-02 2.202195267191e-02 
                85 4.200000000000e-09 3.813698648416e-18 -1.939668937257e-01 2.256418628949e-02 2.198206510826e-02 
                85 4.200000000000e-09 3.813698648416e-18 -1.939668937257e-01 2.256418628949e-02 2.198206510826e-02 
                86 4.250000000000e-09 3.816978156368e-18 -1.963089228236e-01 2.446204933829e-02 2.192829657239e-02 
                86 4.250000000000e-09 3.816978156368e-18 -1.963089228236e-01 2.446204933829e-02 2.192829657239e-02 
                87 4.300000000000e-09 3.820519200588e-18 -1.988858801732e-01 2.583803461744e-02 2.186295181858e-02 
                87 4.300000000000e-09 3.820519200588e-18 -1.988858801732e-01 2.583803461744e-02 2.186295181858e-02 
                88 4.350000000000e-09 3.824149203618e-18 -2.015714435119e-01 2.662688815265e-02 2.178925881830e-02 
                88 4.350000000000e-09 3.824149203618e-18 -2.015714435119e-01 2.662688815265e-02 2.178925881830e-02 
                89 4.400000000000e-09 3.827701938359e-18 -2.042446585568e-01 2.678095466992e-02 2.171114078766e-02 
                89 4.400000000000e-09 3.827701938359e-18 -2.042446585568e-01 2.678095466992e-02 2.171114078766e-02 
                90 4.450000000000e-09 3.831017707244e-18 -2.067892584082e-01 2.627996983932e-02 2.163282419191e-02 
                90 4.450000000000e-09 3.831017707244e-18 -2.067892584082e-01 2.627996983932e-02 2.163282419191e-02 
                91 4.500000000000e-09 3.833944910607e-18 -2.090934647455e-01 2.514095349051e-02 2.155845680796e-02 
                91 4.500000000000e-09 3.833944910607e-18 -2.090934647455e-01 2.514095349051e-02 2.155845680796e-02 
                92 4.550000000000e-09 3.836342527589e-18 -2.110502559530e-01 2.342522514302e-02 2.149193021430e-02 
                92 4.550000000000e-09 3.836342527589e-18 -2.110502559530e-01 2.342522514302e-02 2.149193021430e-02 
                93 4.600000000000e-09 3.838084026130e-18 -2.125589499389e-01 2.124051333286e-02 2.143695727293e-02 
                93 4.600000000000e-09 3.838084026130e-18 -2.125589499389e-01 2.124051333286e-02 2.143695727293e-02 
                94 4.650000000000e-09 3.839065106748e-18 -2.135303504809e-01 1.873720023402e-02 2.139718206453e-02 
                94 4.650000000000e-09 3.839065106748e-18 -2.135303504809e-01 1.873720023402e-02 2.139718206453e-02 
                95 4.700000000000e-09 3.839217743068e-18 -2.138976956720e-01 1.609822460630e-02 2.137595437620e-02 
                95 4.700000000000e-09 3.839217743068e-18 -2.138976956720e-01 1.609822460630e-02 2.137595437620e-02 
                96 4.750000000000e-09 3.838529015082e-18 -2.136324659155e-01 1.352257315424e-02 2.137559933316e-02 
                96 4.750000000000e-09 3.838529015082e-18 -2.136324659155e-01 1.352257315424e-02 2.137559933316e-02 
                97 4.800000000000e-09 3.837057092675e-18 -2.127590158773e-01 1.120355466554e-02 2.139646362682e-02 
                97 4.800000000000e-09 3.837057092675e-18 -2.127590158773e-01 1.120355466554e-02 2.139646362682e-02 
                98 4.850000000000e-09 3.834934329137e-18 -2.113597004627e-01 9.305212443645e-03 2.143631529844e-02 
                98 4.850000000000e-09 3.834934329137e-18 -2.113597004627e-01 9.305212443645e-03 2.143631529844e-02 
                99 4.900000000000e-09 3.832352714134e-18 -2.095661518935e-01 7.942150253303e-03 2.149051757463e-02 
                99 4.900000000000e-09 3.832352714134e-18 -2.095661518935e-01 7.942150253303e-03 2.149051757463e-02 
               100 4.950000000000e-09 3.829536274143e-18 -2.075398319527e-01 7.168260671042e-03 2.155295219077e-02 
               100 4.950000000000e-09 3.829536274143e-18 -2.075398319527e-01 7.168260671042e-03 2.155295219077e-02 
               101 5.000000000000e-09 3.826710599881e-18 -2.054494710088e-01 6.977415959209e-03 2.161728879731e-02 
               101 5.000000000000e-09 3.826710599881e-18 -2.054494710088e-01 6.977415959209e-03 2.161728879731e-02 
               102 5.050000000000e-09 3.824078154369e-18 -2.034518944765e-01 7.314780189280e-03 2.167809210346e-02 
               102 5.050000000000e-09 3.824078154369e-18 -2.034518944765e-01 7.314780189280e-03 2.167809210346e-02 
               103 5.100000000000e-09 3.821802741236e-18 -2.016789225786e-01 8.093633076707e-03 2.173142805158e-02 
               103 5.100000000000e-09 3.821802741236e-18 -2.016789225786e-01 8.093633076707e-03 2.173142805158e-02 
               104 5.150000000000e-09 3.820002288888e-18 -2.002301198522e-01 9.211841909852e-03 2.177492365868e-02 
               104 5.150000000000e-09 3.820002288888e-18 -2.002301198522e-01 9.211841909852e-03 2.177492365868e-02 
               105 5.200000000000e-09 3.818747645872e-18 -1.991701683024e-01 1.056423857203e-02 2.180746383539e-02 
               105 5.200000000000e-09 3.818747645872e-18 -1.991701683024e-01 1.056423857203e-02 2.180746383539e-02 
               106 5.250000000000e-09 3.818065391327e-18 -1.985297128208e-01 1.205007394063e-02 2.182877581757e-02 
               106 5.250000000000e-09 3.818065391327e-18 -1.985297128208e-01 1.205007394063e-02 2.182877581757e-02 
               107 5.300000000000e-09 3.817943304653e-18 -1.983087631906e-01 1.357662894039e-02 2.183908601562e-02 
               107 5.300000000000e-09 3.817943304653e-18 -1.983087631906e-01 1.357662894039e-02 2.183908601562e-02 
               108 5.350000000000e-09 3.818337454435e-18 -1.984817928861e-01 1.506057204434e-02 2.183892272425e-02 
               108 5.350000000000e-09 3.818337454435e-18 -1.984817928861e-01 1.506057204434e-02 2.183892272425e-02 
               109 5.400000000000e-09 3.819179912051e-18 -1.990036326811e-01 1.642834508979e-02 2.182905090835e-02 
               109 5.400000000000e-09 3.819179912051e-18 -1.990036326811e-01 1.642834508979e-02 2.182905090835e-02 
               110 5.450000000000e-09 3.820386165547e-18 -1.998153042077e-01 1.761638814345e-02 2.181048508954e-02 
               110 5.450000000000e-09 3.820386165547e-18 -1.998153042077e-01 1.761638814345e-02 2.181048508954e-02 
               111 5.500000000000e-09 3.821861573226e-18 -2.008491610623e-01 1.857167234057e-02 2.178452340443e-02 
               111 5.500000000000e-09 3.821861573226e-18 -2.008491610623e-01 1.857167234057e-02 2.178452340443e-02 
               112 5.550000000000e-09 3.823506598706e-18 -2.020330424941e-01 1.925278298705e-02 2.175276166653e-02 
               112 5.550000000000e-09 3.823506598706e-18 -2.020330424941e-01 1.925278298705e-02 2.175276166653e-02 
               113 5.600000000000e-09 3.825220948070e-18 -2.032934683852e-01 1.963158158546e-02 2.171706704677e-02 
               113 5.600000000000e-09 3.825220948070e-18 -2.032934683852e-01 1.963158158546e-02 2.171706704677e-02 
               114 5.650000000000e-09 3.826906960339e-18 -2.045581192623e-01 1.969523124009e-02 2.167951004404e-02 
               114 5.650000000000e-09 3.826906960339e-18 -2.045581192623e-01 1.969523124009e-02 2.167951004404e-02 
               115 5.700000000000e-09 3.828472661663e-18 -2.057579351658e-01 1.944813611965e-02 2.164226679905e-02 
               115 5.700000000000e-09 3.828472661663e-18 -2.057579351658e-01 1.944813611965e-02 2.164226679905e-02 
               116 5.750000000000e-09 3.829834843332e-18 -2.068291706714e-01 1.891320001293e-02 2.160750792741e-02 
               116 5.750000000000e-09 3.829834843332e-18 -2.068291706714e-01 1.891320001293e-02 2.160750792741e-02 
               117 5.800000000000e-09 3.830922418958e-18 -2.077156951972e-01 1.813180643128e-02 2.157728365314e-02 
               117 5.800000000000e-09 3.830922418958e-18 -2.077156951972e-01 1.813180643128e-02 2.157728365314e-02 
               118 5.850000000000e-09 3.831680159129e-18 -2.083717160366e-01 1.716206692616e-02 2.155340313914e-02 
               118 5.850000000000e-09 3.831680159129e-18 -2.083717160366e-01 1.716206692616e-02 2.155340313914e-02 
               119 5.900000000000e-09 3.832072634386e-18 -2.087648787885e-01 1.607514264054e-02 2.153729993562e-02 
               119 5.900000000000e-09 3.832072634386e-18 -2.087648787885e-01 1.607514264054e-02 2.153729993562e-02 
               120 5.950000000000e-09 3.832087807494e-18 -2.088793575654e-01 1.494977787269e-02 2.152988516169e-02 
               120 5.950000000000e-09 3.832087807494e-18 -2.088793575654e-01 1.494977787269e-02 2.152988516169e-02 
               121 6.000000000000e-09 3.831739342516e-18 -2.087181982794e-01 1.386555474601e-02 2.153141313403e-02 
               121 6.000000000000e-09 3.831739342516e-18 -2.087181982794e-01 1.386555474601e-02 2.153141313403e-02 
               122 6.050000000000e-09 3.831066600370e-18 -2.083040424101e-01 1.289572216250e-02 2.154140422872e-02 
               122 6.050000000000e-09 3.831066600370e-18 -2.083040424101e-01 1.289572216250e-02 2.154140422872e-02 
               123 6.100000000000e-09 3.830131671340e-18 -2.076776091954e-01 1.210066739078e-02 2.155866814109e-02 
               123 6.100000000000e-09 3.830131671340e-18 -2.076776091954e-01 1.210066739078e-02 2.155866814109e-02 
               124 6.150000000000e-09 3.829013565157e-18 -2.068939002584e-01 1.152307266400e-02 2.158144270799e-02 
               124 6.150000000000e-09 3.829013565157e-18 -2.068939002584e-01 1.152307266400e-02 2.158144270799e-02 
               125 6.200000000000e-09 3.827800480693e-18 -2.060167309804e-01 1.118548026082e-02 2.160762311550e-02 
               125 6.200000000000e-09 3.827800480693e-18 -2.060167309804e-01 1.118548026082e-02 2.160762311550e-02 
               126 6.250000000000e-09 3.826581518906e-18 -2.051125776821e-01 1.109044800694e-02 2.163502579117e-02 
               126 6.250000000000e-09 3.826581518906e-18 -2.051125776821e-01 1.109044800694e-02 2.163502579117e-02 
               127 6.300000000000e-09 3.825439142190e-18 -2.042447376766e-01 1.122290072441e-02 2.166162531818e-02 
               127 6.300000000000e-09 3.825439142190e-18 -2.042447376766e-01 1.122290072441e-02 2.166162531818e-02 
               128 6.350000000000e-09 3.824443268934e-18 -2.034685310918e-01 1.155388657911e-02 2.168572092820e-02 
               128 6.350000000000e-09 3.824443268934e-18 -2.034685310918e-01 1.155388657911e-02 2.168572092820e-02 
               129 6.400000000000e-09 3.823647383568e-18 -2.028279182630e-01 1.204485103009e-02 2.170601903608e-02 
               129 6.400000000000e-09 3.823647383568e-18 -2.028279182630e-01 1.204485103009e-02 2.170601903608e-02 
               130 6.450000000000e-09 3.823086638556e-18 -2.023536039414e-01 1.265171367152e-02 2.172164474370e-02 
               130 6.450000000000e-09 3.823086638556e-18 -2.023536039414e-01 1.265171367152e-02 2.172164474370e-02 
               131 6.500000000000e-09 3.822777680569e-18 -2.020624970109e-01 1.332833737503e-02 2.173210892255e-02 
               131 6.500000000000e-09 3.822777680569e-18 -2.020624970109e-01 1.332833737503e-02 2.173210892255e-02 
               132 6.550000000000e-09 3.822719824633e-18 -2.019582808333e-01 1.402926959047e-02 2.173725753711e-02 
               132 6.550000000000e-09 3.822719824633e-18 -2.019582808333e-01 1.402926959047e-02 2.173725753711e-02 
               133 6.600000000000e-09 3.822897175416e-18 -2.020327998569e-01 1.471182929345e-02 2.173722141581e-02 
               133 6.600000000000e-09 3.822897175416e-18 -2.020327998569e-01 1.471182929345e-02 2.173722141581e-02 
               134 6.650000000000e-09 3.823281320449e-18 -2.022679654893e-01 1.533769744967e-02 2.173237409799e-02 
               134 6.650000000000e-09 3.823281320449e-18 -2.022679654893e-01 1.533769744967e-02 2.173237409799e-02 
               135 6.700000000000e-09 3.823834281995e-18 -2.026379182199e-01 1.587417159991e-02 2.172329719008e-02 
               135 6.700000000000e-09 3.823834281995e-18 -2.026379182199e-01 1.587417159991e-02 2.172329719008e-02 
               136 6.750000000000e-09 3.824511494963e-18 -2.031112431022e-01 1.629520114226e-02 2.171074850661e-02 
               136 6.750000000000e-09 3.824511494963e-18 -2.031112431022e-01 1.629520114226e-02 2.171074850661e-02 
               137 6.800000000000e-09 3.825264668369e-18 -2.036531077129e-01 1.658225544783e-02 2.169562772946e-02 
               137 6.800000000000e-09 3.825264668369e-18 -2.036531077129e-01 1.658225544783e-02 2.169562772946e-02 
               138 6.850000000000e-09 3.826044464223e-18 -2.042272597689e-01 1.672500958570e-02 2.167893601147e-02 
               138 6.850000000000e-09 3.826044464223e-18 -2.042272597689e-01 1.672500958570e-02 2.167893601147e-02 
               139 6.900000000000e-09 3.826802981189e-18 -2.047978727933e-01 1.672177541885e-02 2.166172835626e-02 
               139 6.900000000000e-09 3.826802981189e-18 -2.047978727933e-01 1.672177541885e-02 2.166172835626e-02 
               140 6.950000000000e-09 3.827496052625e-18 -2.053312551452e-01 1.657957077521e-02 2.164505968873e-02 
               140 6.950000000000e-09 3.827496052625e-18 -2.053312551452e-01 1.657957077521e-02 2.164505968873e-02 
               141 7.000000000000e-09 3.828085358537e-18 -2.057974383451e-01 1.631371521849e-02 2.162992682485e-02 
               141 7.000000000000e-09 3.828085358537e-18 -2.057974383451e-01 1.631371521849e-02 2.162992682485e-02 
               142 7.050000000000e-09 3.828540317893e-18 -2.061716371536e-01 1.594687124864e-02 2.161720926774e-02 
               142 7.050000000000e-09 3.828540317893e-18 -2.061716371536e-01 1.594687124864e-02 2.161720926774e-02 
               143 7.100000000000e-09 3.828839677233e-18 -2.064355327505e-01 1.550751129004e-02 2.160761246166e-02 
               143 7.100000000000e-09 3.828839677233e-18 -2.064355327505e-01 1.550751129004e-02 2.160761246166e-02 
               144 7.150000000000e-09 3.828972661710e-18 -2.065782838909e-01 1.502787346478e-02 2.160161824989e-02 
               144 7.150000000000e-09 3.828972661710e-18 -2.065782838909e-01 1.502787346478e-02 2.160161824989e-02 
               145 7.200000000000e-09 3.828939525832e-18 -2.065971371875e-01 1.454155734677e-02 2.159944858037e-02 
               145 7.200000000000e-09 3.828939525832e-18 -2.065971371875e-01 1.454155734677e-02 2.159944858037e-02 
               146 7.250000000000e-09 3.828751355428e-18 -2.064975063871e-01 1.408098567156e-02 2.160104899380e-02 
               146 7.250000000000e-09 3.828751355428e-18 -2.064975063871e-01 1.408098567156e-02 2.160104899380e-02 
               147 7.300000000000e-09 3.828429041576e-18 -2.062924335169e-01 1.367500022555e-02 2.160609705792e-02 
               147 7.300000000000e-09 3.828429041576e-18 -2.062924335169e-01 1.367500022555e-02 2.160609705792e-02 
               148 7.350000000000e-09 3.828001459638e-18 -2.060014273741e-01 1.334685564218e-02 2.161403727427e-02 
               148 7.350000000000e-09 3.828001459638e-18 -2.060014273741e-01 1.334685564218e-02 2.161403727427e-02 
               149 7.400000000000e-09 3.827503015122e-18 -2.056487745433e-01 1.311281988601e-02 2.162413893400e-02 
               149 7.400000000000e-09 3.827503015122e-18 -2.056487745433e-01 1.311281988601e-02 2.162413893400e-02 
               150 7.450000000000e-09 3.826970820102e-18 -2.052615040104e-01 1.298149527673e-02 2.163556868823e-02 
               150 7.450000000000e-09 3.826970820102e-18 -2.052615040104e-01 1.298149527673e-02 2.163556868823e-02 
               151 7.500000000000e-09 3.826441810930e-18 -2.048672335865e-01 1.295386197707e-02 2.164746698845e-02 
               151 7.500000000000e-09 3.826441810930e-18 -2.048672335865e-01 1.295386197707e-02 2.164746698845e-02 
               152 7.550000000000e-09 3.825950102140e-18 -2.044921259306e-01 1.302394508955e-02 2.165901791241e-02 
               152 7.550000000000e-09 3.825950102140e-18 -2.044921259306e-01 1.302394508955e-02 2.165901791241e-02 
               153 7.600000000000e-09 3.825524805760e-18 -2.041591418084e-01 1.317993980127e-02 2.166950477231e-02 
               153 7.600000000000e-09 3.825524805760e-18 -2.041591418084e-01 1.317993980127e-02 2.166950477231e-02 
               154 7.650000000000e-09 3.825188455926e-18 -2.038867155094e-01 1.340560615524e-02 2.167834802705e-02 
               154 7.650000000000e-09 3.825188455926e-18 -2.038867155094e-01 1.340560615524e-02 2.167834802705e-02 
               155 7.700000000000e-09 3.824956087264e-18 -2.036879098582e-01 1.368176112976e-02 2.168512585928e-02 
               155 7.700000000000e-09 3.824956087264e-18 -2.036879098582e-01 1.368176112976e-02 2.168512585928e-02 
               156 7.750000000000e-09 3.824834941713e-18 -2.035700489002e-01 1.398773594003e-02 2.168958031348e-02 
               156 7.750000000000e-09 3.824834941713e-18 -2.035700489002e-01 1.398773594003e-02 2.168958031348e-02 
               157 7.800000000000e-09 3.824824726617e-18 -2.035347818894e-01 1.430271370495e-02 2.169161281956e-02 
               157 7.800000000000e-09 3.824824726617e-18 -2.035347818894e-01 1.430271370495e-02 2.169161281956e-02 
               158 7.850000000000e-09 3.824918317420e-18 -2.035785045851e-01 1.460690349598e-02 2.169127257546e-02 
               158 7.850000000000e-09 3.824918317420e-18 -2.035785045851e-01 1.460690349598e-02 2.169127257546e-02 
               159 7.900000000000e-09 3.825102789311e-18 -2.036930518135e-01 1.488253446565e-02 2.168874026907e-02 
               159 7.900000000000e-09 3.825102789311e-18 -2.036930518135e-01 1.488253446565e-02 2.168874026907e-02 
               160 7.950000000000e-09 3.825360666904e-18 -2.038665757718e-01 1.511466728559e-02 2.168430853290e-02 
               160 7.950000000000e-09 3.825360666904e-18 -2.038665757718e-01 1.511466728559e-02 2.168430853290e-02 
               161 8.000000000000e-09 3.825671295051e-18 -2.040845336031e-01 1.529182237819e-02 2.167835975771e-02 
               161 8.000000000000e-09 3.825671295051e-18 -2.040845336031e-01 1.529182237819e-02 2.167835975771e-02 
