#              step               time            E_total                m_x                m_y                m_z             E_exch            E_demag          zeeman_Hx          zeeman_Hy          zeeman_Hz           E_zeeman 
#                <>                <s>                <J>                 <>                 <>                 <>                  J                  J              <A/m>              <A/m>              <A/m>                  J 
                 1 1.000000000000e-11 4.114334864862e-18 9.639158216878e-01 1.351987055444e-01 -1.251284169068e-02 9.462883090765e-20 5.500598170027e-19 -1.957605800030e+04 3.421831276476e+03 0.000000000000e+00 3.469646216952e-18 
                 2 2.000000000000e-11 4.111800192329e-18 9.551458595497e-01 1.622615190741e-01 -2.439457986339e-02 1.068768168613e-19 5.850938335318e-19 -1.957605800030e+04 3.421831276476e+03 0.000000000000e+00 3.419829541936e-18 
                 3 3.000000000000e-11 4.105960637142e-18 9.390284484918e-01 2.049519777054e-01 -3.537417201391e-02 1.257296564050e-19 6.474100314225e-19 -1.957605800030e+04 3.421831276476e+03 0.000000000000e+00 3.332820949315e-18 
                 4 4.000000000000e-11 4.095828212297e-18 9.138277829370e-01 2.604104268579e-01 -4.515956521911e-02 1.489205883117e-19 7.428478302707e-19 -1.957605800030e+04 3.421831276476e+03 0.000000000000e+00 3.204059793714e-18 
                 5 5.000000000000e-11 4.081014668444e-18 8.780829451397e-01 3.250982567449e-01 -5.354654626882e-02 1.740578455466e-19 8.765191309329e-19 -1.957605800030e+04 3.421831276476e+03 0.000000000000e+00 3.030437691965e-18 
                 6 6.000000000000e-11 4.061635305999e-18 8.309499129044e-01 3.952456845320e-01 -6.055655138941e-02 1.994877381023e-19 1.050875855803e-18 -1.957605800030e+04 3.421831276476e+03 0.000000000000e+00 2.811271712094e-18 
                 7 7.000000000000e-11 4.038015200277e-18 7.721046548577e-01 4.673160591265e-01 -6.650576166577e-02 2.252029277967e-19 1.265164954192e-18 -1.957605800030e+04 3.421831276476e+03 0.000000000000e+00 2.547647318288e-18 
                 8 8.000000000000e-11 4.010343109829e-18 7.013616250411e-01 5.382109283393e-01 -7.197356115047e-02 2.515934234736e-19 1.517871338733e-18 -1.957605800030e+04 3.421831276476e+03 0.000000000000e+00 2.240878347623e-18 
                 9 9.000000000000e-11 3.978354536510e-18 6.182107254885e-01 6.051145199060e-01 -7.773249187836e-02 2.793639604583e-19 1.808091864338e-18 -1.957605800030e+04 3.421831276476e+03 0.000000000000e+00 1.890898711713e-18 
                10 1.000000000000e-10 3.941013585170e-18 5.214698298792e-01 6.649771184906e-01 -8.468845004038e-02 3.112542101609e-19 2.134445944181e-18 -1.957605800030e+04 3.421831276476e+03 0.000000000000e+00 1.495313430828e-18 
                11 1.100000000000e-10 3.896129823980e-18 4.093184100494e-01 7.136828408271e-01 -9.377049033170e-02 3.539251933127e-19 2.492145129919e-18 -1.957605800030e+04 3.421831276476e+03 0.000000000000e+00 1.050059500749e-18 
                12 1.200000000000e-10 3.840070447912e-18 2.800952813212e-01 7.451696079337e-01 -1.055832652162e-01 4.183904591860e-19 2.868762797768e-18 -1.957605800030e+04 3.421831276476e+03 0.000000000000e+00 5.529171909581e-19 
                13 1.300000000000e-10 3.768363177827e-18 1.341768119345e-01 7.516086697393e-01 -1.197397117162e-01 5.121157686343e-19 3.245922565136e-18 -1.957605800030e+04 3.421831276476e+03 0.000000000000e+00 1.032484405647e-20 
                14 1.400000000000e-10 3.677714743279e-18 -2.433201843298e-02 7.260314554391e-01 -1.345744552936e-01 6.263847293809e-19 3.609405450674e-18 -1.957605800030e+04 3.421831276476e+03 0.000000000000e+00 -5.580754367759e-19 
                15 1.500000000000e-10 3.567213703475e-18 -1.885633162953e-01 6.655439977387e-01 -1.480588224342e-01 7.374769786955e-19 3.954811240451e-18 -1.957605800030e+04 3.421831276476e+03 0.000000000000e+00 -1.125074515671e-18 
                16 1.600000000000e-10 3.436415251332e-18 -3.510329922056e-01 5.711111519120e-01 -1.588469973507e-01 8.191520255521e-19 4.280941660002e-18 -1.957605800030e+04 3.421831276476e+03 0.000000000000e+00 -1.663678434222e-18 
                17 1.700000000000e-10 3.283777178933e-18 -5.031609556458e-01 4.454091715594e-01 -1.661003669074e-01 8.690156670602e-19 4.558714353862e-18 -1.957605800030e+04 3.421831276476e+03 0.000000000000e+00 -2.143952841989e-18 
                18 1.800000000000e-10 3.110473660164e-18 -6.352122961489e-01 2.933324242304e-01 -1.685839965765e-01 9.242231971200e-19 4.719383249463e-18 -1.957605800030e+04 3.421831276476e+03 0.000000000000e+00 -2.533132786418e-18 
                19 1.900000000000e-10 2.922341165579e-18 -7.408805561359e-01 1.219377537221e-01 -1.647173374145e-01 9.848925246931e-19 4.749947744179e-18 -1.957605800030e+04 3.421831276476e+03 0.000000000000e+00 -2.812499103292e-18 
                20 2.000000000000e-10 2.723614277423e-18 -8.158893463104e-01 -6.180270040079e-02 -1.527449555666e-01 1.000407689997e-18 4.693975533553e-18 -1.957605800030e+04 3.421831276476e+03 0.000000000000e+00 -2.970768946127e-18 
                21 2.100000000000e-10 2.517619095156e-18 -8.519467889242e-01 -2.451078029429e-01 -1.303667320542e-01 9.329099495762e-19 4.570298263812e-18 -1.957605800030e+04 3.421831276476e+03 0.000000000000e+00 -2.985589118232e-18 
                22 2.200000000000e-10 2.314168722303e-18 -8.395703153458e-01 -4.004204966534e-01 -9.569480587836e-02 8.314563551868e-19 4.322455610401e-18 -1.957605800030e+04 3.421831276476e+03 0.000000000000e+00 -2.839743243285e-18 
                23 2.300000000000e-10 2.135049834139e-18 -7.864766919395e-01 -4.860653501160e-01 -5.250214606674e-02 8.261363435623e-19 3.897500333009e-18 -1.957605800030e+04 3.421831276476e+03 0.000000000000e+00 -2.588586842432e-18 
                24 2.400000000000e-10 1.988624132176e-18 -7.269716840190e-01 -4.839956231443e-01 -1.201677186708e-02 9.338507296437e-19 3.425121739634e-18 -1.957605800030e+04 3.421831276476e+03 0.000000000000e+00 -2.370348337102e-18 
                25 2.500000000000e-10 1.864126077556e-18 -6.844908856044e-01 -4.143644135843e-01 1.970784341343e-02 1.113704076385e-18 3.008928322290e-18 -1.957605800030e+04 3.421831276476e+03 0.000000000000e+00 -2.258506321118e-18 
                26 2.600000000000e-10 1.755292662694e-18 -6.622898957325e-01 -3.080390527989e-01 4.218906962039e-02 1.326389226473e-18 2.674067962418e-18 -1.957605800030e+04 3.421831276476e+03 0.000000000000e+00 -2.245164526197e-18 
                27 2.700000000000e-10 1.666244156775e-18 -6.562608103940e-01 -1.969474118503e-01 5.556994050135e-02 1.542059420602e-18 2.418756045884e-18 -1.957605800030e+04 3.421831276476e+03 0.000000000000e+00 -2.294571309710e-18 
                28 2.800000000000e-10 1.591680798184e-18 -6.629957509671e-01 -1.071314749835e-01 6.221197613983e-02 1.578406860839e-18 2.390628457049e-18 -1.957605800030e+04 3.421831276476e+03 0.000000000000e+00 -2.377354519704e-18 
                29 2.900000000000e-10 1.518353527803e-18 -6.864879309265e-01 -4.629339549490e-02 6.606672931712e-02 1.464567110291e-18 2.557067642537e-18 -1.957605800030e+04 3.421831276476e+03 0.000000000000e+00 -2.503281225025e-18 
                30 3.000000000000e-10 1.434500556586e-18 -7.427272802486e-01 -9.103310721341e-03 6.934728894435e-02 1.320417373840e-18 2.848875211448e-18 -1.957605800030e+04 3.421831276476e+03 0.000000000000e+00 -2.734792028702e-18 
                31 3.100000000000e-10 1.318959720987e-18 -8.294747682088e-01 2.411053871844e-02 7.301893198382e-02 9.482305014382e-19 3.447042411713e-18 -1.957605800030e+04 3.421831276476e+03 0.000000000000e+00 -3.076313192164e-18 
                32 3.200000000000e-10 1.155733399349e-18 -9.131710131994e-01 8.745577098600e-02 7.649514818363e-02 6.514266049990e-19 3.930316805342e-18 -1.957605800030e+04 3.421831276476e+03 0.000000000000e+00 -3.426010010992e-18 
                33 3.300000000000e-10 9.598753653877e-19 -9.329630160387e-01 1.841795418593e-01 7.389641284528e-02 5.340159040733e-19 3.987288794996e-18 -1.957605800030e+04 3.421831276476e+03 0.000000000000e+00 -3.561429333682e-18 
                34 3.400000000000e-10 7.793715250380e-19 -8.654800254449e-01 2.598105129363e-01 6.331123750738e-02 7.998160304450e-19 3.340754569328e-18 -1.957605800030e+04 3.421831276476e+03 0.000000000000e+00 -3.361199074735e-18 
                35 3.500000000000e-10 6.522338089604e-19 -7.713552554488e-01 2.892997225535e-01 4.954873476942e-02 1.037383363933e-18 2.647749658681e-18 -1.957605800030e+04 3.421831276476e+03 0.000000000000e+00 -3.032899213653e-18 
                36 3.600000000000e-10 5.719041121064e-19 -7.035123560704e-01 2.996761653498e-01 3.581888896054e-02 1.102091555237e-18 2.259064277420e-18 -1.957605800030e+04 3.421831276476e+03 0.000000000000e+00 -2.789251720550e-18 
                37 3.700000000000e-10 5.155145575769e-19 -6.771075965523e-01 3.153698393026e-01 2.214734341286e-02 1.131051936972e-18 2.086403198233e-18 -1.957605800030e+04 3.421831276476e+03 0.000000000000e+00 -2.701940577628e-18 
                38 3.800000000000e-10 4.624501618140e-19 -6.857301405977e-01 3.464470228174e-01 7.111864391765e-03 1.082196993416e-18 2.134055716921e-18 -1.957605800030e+04 3.421831276476e+03 0.000000000000e+00 -2.753802548523e-18 
                39 3.900000000000e-10 3.942165388266e-19 -7.217948462786e-01 3.863312683120e-01 -1.011050507262e-02 8.384770712408e-19 2.468346118415e-18 -1.957605800030e+04 3.421831276476e+03 0.000000000000e+00 -2.912606650829e-18 
                40 4.000000000000e-10 2.987448281662e-19 -7.773665477458e-01 4.090567189914e-01 -2.967107569701e-02 6.031061420335e-19 2.827962831064e-18 -1.957605800030e+04 3.421831276476e+03 0.000000000000e+00 -3.132324144932e-18 
                41 4.100000000000e-10 1.875448135901e-19 -8.386234516393e-01 3.880972129889e-01 -5.032765977387e-02 5.614614778301e-19 2.970926574687e-18 -1.957605800030e+04 3.421831276476e+03 0.000000000000e+00 -3.344843238927e-18 
                42 4.200000000000e-10 6.679498776840e-20 -8.900866390894e-01 3.179159418691e-01 -6.878700426183e-02 5.403366374766e-19 3.015933831037e-18 -1.957605800030e+04 3.421831276476e+03 0.000000000000e+00 -3.489475480746e-18 
                43 4.300000000000e-10 -6.089182586793e-20 -9.168662818652e-01 2.100474530593e-01 -8.125959527167e-02 5.353596119483e-19 2.922465749490e-18 -1.957605800030e+04 3.421831276476e+03 0.000000000000e+00 -3.518717187306e-18 
                44 4.400000000000e-10 -1.830377396285e-19 -9.148865303862e-01 8.549212615019e-02 -8.451521849437e-02 5.646141721366e-19 2.683421806727e-18 -1.957605800030e+04 3.421831276476e+03 0.000000000000e+00 -3.431073718492e-18 
                45 4.500000000000e-10 -2.896556296411e-19 -8.938764026207e-01 -2.974486634636e-02 -7.703494778287e-02 5.586205281192e-19 2.430942329116e-18 -1.957605800030e+04 3.421831276476e+03 0.000000000000e+00 -3.279218486877e-18 
                46 4.600000000000e-10 -3.774972162937e-19 -8.697259910468e-01 -1.245753479041e-01 -6.083235928760e-02 5.487196196371e-19 2.202720971634e-18 -1.957605800030e+04 3.421831276476e+03 0.000000000000e+00 -3.128937807565e-18 
                47 4.700000000000e-10 -4.475028662665e-19 -8.534645645875e-01 -1.996369417674e-01 -3.824664125525e-02 5.697228105762e-19 2.003292739045e-18 -1.957605800030e+04 3.421831276476e+03 0.000000000000e+00 -3.020518415888e-18 
                48 4.800000000000e-10 -5.055168313370e-19 -8.554078901427e-01 -2.502761114555e-01 -1.131164547858e-02 5.599395385163e-19 1.929570652884e-18 -1.957605800030e+04 3.421831276476e+03 0.000000000000e+00 -2.995027022738e-18 
                49 4.900000000000e-10 -5.694890671122e-19 -8.808469168645e-01 -2.643511210750e-01 1.868121499707e-02 4.742009041913e-19 2.036128678833e-18 -1.957605800030e+04 3.421831276476e+03 0.000000000000e+00 -3.079818650137e-18 
                50 5.000000000000e-10 -6.551851381641e-19 -9.191535857260e-01 -2.244992754666e-01 4.779036149125e-02 4.044298888594e-19 2.187259671629e-18 -1.957605800030e+04 3.421831276476e+03 0.000000000000e+00 -3.246874698653e-18 
                51 5.100000000000e-10 -7.614003683023e-19 -9.439264820933e-01 -1.315140290016e-01 6.959171884871e-02 4.158049668616e-19 2.221056835054e-18 -1.957605800030e+04 3.421831276476e+03 0.000000000000e+00 -3.398262170218e-18 
                52 5.200000000000e-10 -8.655329367336e-19 -9.409555809419e-01 -1.089888677423e-02 8.115342951899e-02 4.876024373361e-19 2.111960937637e-18 -1.957605800030e+04 3.421831276476e+03 0.000000000000e+00 -3.465096311706e-18 
                53 5.300000000000e-10 -9.610262618037e-19 -9.182044900516e-01 1.145993729191e-01 8.270805183187e-02 4.705907878086e-19 2.030474114211e-18 -1.957605800030e+04 3.421831276476e+03 0.000000000000e+00 -3.462091163823e-18 
                54 5.400000000000e-10 -1.044373490924e-18 -8.842086315910e-01 2.335907222154e-01 7.533393822298e-02 4.936029774919e-19 1.875419397984e-18 -1.957605800030e+04 3.421831276476e+03 0.000000000000e+00 -3.413395866400e-18 
                55 5.500000000000e-10 -1.112936602832e-18 -8.502202397101e-01 3.369539078894e-01 5.947144802893e-02 5.084015465401e-19 1.733309805747e-18 -1.957605800030e+04 3.421831276476e+03 0.000000000000e+00 -3.354647955119e-18 
                56 5.600000000000e-10 -1.169115234738e-18 -8.292121186920e-01 4.147557841842e-01 3.619285644092e-02 4.713185012055e-19 1.686876462829e-18 -1.957605800030e+04 3.421831276476e+03 0.000000000000e+00 -3.327310198772e-18 
                57 5.700000000000e-10 -1.219788064298e-18 -8.294988957514e-01 4.572522343193e-01 7.877591213286e-03 4.194761356900e-19 1.716514416471e-18 -1.957605800030e+04 3.421831276476e+03 0.000000000000e+00 -3.355778616459e-18 
                58 5.800000000000e-10 -1.274317182310e-18 -8.516924009716e-01 4.560126080788e-01 -2.173259654696e-02 3.563594616918e-19 1.806196447794e-18 -1.957605800030e+04 3.421831276476e+03 0.000000000000e+00 -3.436873091796e-18 
                59 5.900000000000e-10 -1.341606085909e-18 -8.853960838033e-01 4.058506162792e-01 -4.856936402032e-02 2.786131064908e-19 1.908666004334e-18 -1.957605800030e+04 3.421831276476e+03 0.000000000000e+00 -3.528885196734e-18 
                60 6.000000000000e-10 -1.420620416247e-18 -9.129677440584e-01 3.102350555585e-01 -6.827305332260e-02 2.600228961145e-19 1.888309274050e-18 -1.957605800030e+04 3.421831276476e+03 0.000000000000e+00 -3.568952586411e-18 
                61 6.100000000000e-10 -1.500660693283e-18 -9.225910819564e-01 1.871955361586e-01 -7.669601031283e-02 2.993582991984e-19 1.725083220760e-18 -1.957605800030e+04 3.421831276476e+03 0.000000000000e+00 -3.525102213241e-18 
                62 6.200000000000e-10 -1.572285450369e-18 -9.152693925006e-01 6.157378379150e-02 -7.238859425915e-02 3.358043561534e-19 1.508969342351e-18 -1.957605800030e+04 3.421831276476e+03 0.000000000000e+00 -3.417059148873e-18 
                63 6.300000000000e-10 -1.628764082814e-18 -9.012162985146e-01 -4.373697350467e-02 -5.698544273482e-02 3.310213555542e-19 1.337492355240e-18 -1.957605800030e+04 3.421831276476e+03 0.000000000000e+00 -3.297277793608e-18 
                64 6.400000000000e-10 -1.670939412483e-18 -8.937177935764e-01 -1.150318159592e-01 -3.382030909209e-02 3.042861206213e-19 1.248397603899e-18 -1.957605800030e+04 3.421831276476e+03 0.000000000000e+00 -3.223623137003e-18 
                65 6.500000000000e-10 -1.704102231000e-18 -9.014861270327e-01 -1.475421114728e-01 -7.004640067912e-03 2.959740360477e-19 1.231242879803e-18 -1.957605800030e+04 3.421831276476e+03 0.000000000000e+00 -3.231319146851e-18 
                66 6.600000000000e-10 -1.739723310589e-18 -9.254171553619e-01 -1.390384233642e-01 1.985608219515e-02 2.650578666814e-19 1.320328342945e-18 -1.957605800030e+04 3.421831276476e+03 0.000000000000e+00 -3.325109520216e-18 
                67 6.700000000000e-10 -1.789562090676e-18 -9.544329210443e-01 -8.773565479209e-02 4.296422586130e-02 2.267273824015e-19 1.448978508235e-18 -1.957605800030e+04 3.421831276476e+03 0.000000000000e+00 -3.465267981312e-18 
                68 6.800000000000e-10 -1.851458066597e-18 -9.709713145799e-01 -6.230326464661e-04 5.771908476575e-02 2.221589964882e-19 1.508865231657e-18 -1.957605800030e+04 3.421831276476e+03 0.000000000000e+00 -3.582482294743e-18 
                69 6.900000000000e-10 -1.913836218216e-18 -9.662242588908e-01 1.024239916694e-01 6.134860031267e-02 2.361630041282e-19 1.481431767590e-18 -1.957605800030e+04 3.421831276476e+03 0.000000000000e+00 -3.631430989934e-18 
                70 7.000000000000e-10 -1.967136591553e-18 -9.456745002759e-01 1.999851315389e-01 5.466095933126e-02 2.404161646403e-19 1.410976559667e-18 -1.957605800030e+04 3.421831276476e+03 0.000000000000e+00 -3.618529315861e-18 
                71 7.100000000000e-10 -2.007121839168e-18 -9.219243183142e-01 2.788462256753e-01 4.023691203759e-02 2.375728114756e-19 1.337061899497e-18 -1.957605800030e+04 3.421831276476e+03 0.000000000000e+00 -3.581756550140e-18 
                72 7.200000000000e-10 -2.037508488399e-18 -9.072387833146e-01 3.309399918509e-01 2.067408017390e-02 2.227956825114e-19 1.300863234264e-18 -1.957605800030e+04 3.421831276476e+03 0.000000000000e+00 -3.561167405175e-18 
                73 7.300000000000e-10 -2.064791775146e-18 -9.076555876640e-01 3.495308662381e-01 -2.003827364803e-03 2.225143369483e-19 1.287390415110e-18 -1.957605800030e+04 3.421831276476e+03 0.000000000000e+00 -3.574696527204e-18 
                74 7.400000000000e-10 -2.095633119605e-18 -9.220836130604e-01 3.301922165113e-01 -2.546180162011e-02 1.903881170310e-19 1.329441275207e-18 -1.957605800030e+04 3.421831276476e+03 0.000000000000e+00 -3.615462511843e-18 
                75 7.500000000000e-10 -2.133280975612e-18 -9.424063547370e-01 2.714862493635e-01 -4.618600554275e-02 1.682216530299e-19 1.351085451177e-18 -1.957605800030e+04 3.421831276476e+03 0.000000000000e+00 -3.652588079819e-18 
                76 7.600000000000e-10 -2.173596768538e-18 -9.607655882644e-01 1.800066505079e-01 -6.023104957886e-02 1.645707524428e-19 1.323161789293e-18 -1.957605800030e+04 3.421831276476e+03 0.000000000000e+00 -3.661329310273e-18 
                77 7.700000000000e-10 -2.214398132024e-18 -9.725304339420e-01 7.156346771062e-02 -6.453962257793e-02 1.524202891629e-19 1.267977316733e-18 -1.957605800030e+04 3.421831276476e+03 0.000000000000e+00 -3.634795737919e-18 
                78 7.800000000000e-10 -2.253908988059e-18 -9.749611956172e-01 -3.441227796600e-02 -5.737451888364e-02 1.315040133836e-19 1.189997891096e-18 -1.957605800030e+04 3.421831276476e+03 0.000000000000e+00 -3.575410892539e-18 
                79 7.900000000000e-10 -2.287761983431e-18 -9.690559865209e-01 -1.182438386904e-01 -3.920599920267e-02 1.198790122284e-19 1.091908318647e-18 -1.957605800030e+04 3.421831276476e+03 0.000000000000e+00 -3.499549314307e-18 
                80 8.000000000000e-10 -2.312320127287e-18 -9.612009793145e-01 -1.640648160565e-01 -1.341308408175e-02 1.428297347264e-19 9.858599453001e-19 -1.957605800030e+04 3.421831276476e+03 0.000000000000e+00 -3.441009807314e-18 
                81 8.100000000000e-10 -2.330344315571e-18 -9.593023187110e-01 -1.640046449524e-01 1.482887234374e-02 1.853167226896e-19 9.183815217887e-19 -1.957605800030e+04 3.421831276476e+03 0.000000000000e+00 -3.434042560049e-18 
                82 8.200000000000e-10 -2.349251208095e-18 -9.656970577412e-01 -1.180221031117e-01 4.030875539303e-02 2.113901096662e-19 9.266565687966e-19 -1.957605800030e+04 3.421831276476e+03 0.000000000000e+00 -3.487297886558e-18 
                83 8.300000000000e-10 -2.375949133320e-18 -9.746248744161e-01 -3.335753299067e-02 5.862923223679e-02 1.944541550605e-19 1.004446889436e-18 -1.957605800030e+04 3.421831276476e+03 0.000000000000e+00 -3.574850177816e-18 
                84 8.400000000000e-10 -2.410243690780e-18 -9.762215457660e-01 7.515113311144e-02 6.674438938645e-02 1.627314228837e-19 1.077754871070e-18 -1.957605800030e+04 3.421831276476e+03 0.000000000000e+00 -3.650729984733e-18 
                85 8.500000000000e-10 -2.445190862175e-18 -9.655655093039e-01 1.878147127408e-01 6.368771219325e-02 1.377337419182e-19 1.101152614957e-18 -1.957605800030e+04 3.421831276476e+03 0.000000000000e+00 -3.684077219049e-18 
                86 8.600000000000e-10 -2.474463035499e-18 -9.462021778196e-01 2.855637442514e-01 5.077998485545e-02 1.149643904118e-19 1.086247225285e-18 -1.957605800030e+04 3.421831276476e+03 0.000000000000e+00 -3.675674651197e-18 
                87 8.700000000000e-10 -2.495965180401e-18 -9.263505581036e-01 3.542761631764e-01 3.097123088803e-02 1.003735494796e-19 1.050402954770e-18 -1.957605800030e+04 3.421831276476e+03 0.000000000000e+00 -3.646741684651e-18 
                88 8.800000000000e-10 -2.510921273183e-18 -9.142174128356e-01 3.860228007327e-01 7.723009159523e-03 1.129575049753e-19 9.985681816776e-19 -1.957605800030e+04 3.421831276476e+03 0.000000000000e+00 -3.622446959836e-18 
                89 8.900000000000e-10 -2.522393634786e-18 -9.153462621032e-01 3.788262708380e-01 -1.560375215607e-02 1.303616526513e-19 9.692153644141e-19 -1.957605800030e+04 3.421831276476e+03 0.000000000000e+00 -3.621970651852e-18 
                90 9.000000000000e-10 -2.537132667662e-18 -9.291768731623e-01 3.353051524451e-01 -3.559681369074e-02 1.234161933955e-19 9.843856242382e-19 -1.957605800030e+04 3.421831276476e+03 0.000000000000e+00 -3.644934485296e-18 
                91 9.100000000000e-10 -2.558674791613e-18 -9.482115813443e-01 2.620818939723e-01 -4.932230087593e-02 1.119638712155e-19 9.973048939446e-19 -1.957605800030e+04 3.421831276476e+03 0.000000000000e+00 -3.667943556773e-18 
                92 9.200000000000e-10 -2.585026427028e-18 -9.634402448523e-01 1.711577616804e-01 -5.481137968487e-02 1.152509508853e-19 9.652138818761e-19 -1.957605800030e+04 3.421831276476e+03 0.000000000000e+00 -3.665491259789e-18 
                93 9.300000000000e-10 -2.610483973209e-18 -9.703093359677e-01 7.811477234699e-02 -5.153068750279e-02 1.319830593071e-19 8.883584453687e-19 -1.957605800030e+04 3.421831276476e+03 0.000000000000e+00 -3.630825477885e-18 
                94 9.400000000000e-10 -2.630867051958e-18 -9.705102871285e-01 -1.576231843111e-03 -4.027957955312e-02 1.358480488969e-19 8.134511891109e-19 -1.957605800030e+04 3.421831276476e+03 0.000000000000e+00 -3.580166289965e-18 
                95 9.500000000000e-10 -2.645411025633e-18 -9.685597402672e-01 -5.529020168938e-02 -2.309086196827e-02 1.327116329371e-19 7.602006029260e-19 -1.957605800030e+04 3.421831276476e+03 0.000000000000e+00 -3.538323261496e-18 
                96 9.600000000000e-10 -2.655047606627e-18 -9.693592153135e-01 -7.568221742400e-02 -2.962312404495e-03 1.322780414983e-19 7.407948261428e-19 -1.957605800030e+04 3.421831276476e+03 0.000000000000e+00 -3.528120474268e-18 
                97 9.700000000000e-10 -2.664109452340e-18 -9.753591255230e-01 -6.135554878622e-02 1.676158115625e-02 1.210299060390e-19 7.743614858336e-19 -1.957605800030e+04 3.421831276476e+03 0.000000000000e+00 -3.559500844213e-18 
                98 9.800000000000e-10 -2.677433597846e-18 -9.836499104677e-01 -1.607103902022e-02 3.277882831359e-02 1.014659926427e-19 8.404027589693e-19 -1.957605800030e+04 3.421831276476e+03 0.000000000000e+00 -3.619302349458e-18 
                99 9.900000000000e-10 -2.696092881190e-18 -9.880836524330e-01 5.136365441782e-02 4.215939351885e-02 8.390276950558e-20 8.991625838812e-19 -1.957605800030e+04 3.421831276476e+03 0.000000000000e+00 -3.679158234577e-18 
               100 1.000000000000e-09 -2.716364114023e-18 -9.845061553827e-01 1.274360634391e-01 4.315351944207e-02 7.187069622284e-20 9.267891640349e-19 -1.957605800030e+04 3.421831276476e+03 0.000000000000e+00 -3.715023974280e-18 
