#               step             E_total                 m_x                 m_y                 m_z              E_exch              E_anis           zeeman_Hx           zeeman_Hy           zeeman_Hz            E_zeeman 
#         <unitless>                 <J>          <unitless>          <unitless>          <unitless>                 <J>                 <J>               <A/m>               <A/m>               <A/m>                 <J> 
                 8 -5.445871160067e-21 -9.306048588680e-01 -3.660254043797e-01 +0.000000000000e+00 -0.000000000000e+00 +5.099999366884e-22 -7.957747154595e+04                  0                  0 -5.955871096755e-21 
                11 -5.148760443696e-21 -9.262799643731e-01 -3.768360752383e-01 +0.000000000000e+00 -0.000000000000e+00 +4.830217396922e-22 -7.559859796865e+04                  0                  0 -5.631782183388e-21 
                14 -4.853090402368e-21 -9.215951446293e-01 -3.881525336716e-01 +0.000000000000e+00 -0.000000000000e+00 +4.552976306966e-22 -7.161972439135e+04                  0                  0 -5.308388033065e-21 
                17 -4.558981734020e-21 -9.165152406280e-01 -3.999997671208e-01 +0.000000000000e+00 -0.000000000000e+00 +4.268611749958e-22 -6.764085081406e+04                  0                  0 -4.985842909016e-21 
                20 -4.266567000320e-21 -9.110012544929e-01 -4.124035818375e-01 +0.000000000000e+00 -0.000000000000e+00 +3.977594226837e-22 -6.366197723676e+04                  0                  0 -4.664326423003e-21 
                24 -3.975991895985e-21 -9.050098879379e-01 -4.253905296721e-01 +0.000000000000e+00 -0.000000000000e+00 +3.680555661173e-22 -5.968310365946e+04                  0                  0 -4.344047462102e-21 
                28 -3.687416661549e-21 -8.984935638833e-01 -4.389866918942e-01 +0.000000000000e+00 -0.000000000000e+00 +3.378345046483e-22 -5.570423008216e+04                  0                  0 -4.025251166197e-21 
                32 -3.401017658343e-21 -8.913991409792e-01 -4.532191208031e-01 +0.000000000000e+00 -0.000000000000e+00 +3.072027681304e-22 -5.172535650487e+04                  0                  0 -3.708220426473e-21 
                36 -3.116989128255e-21 -8.836677797022e-01 -4.681145747744e-01 +0.000000000000e+00 -0.000000000000e+00 +2.762951458012e-22 -4.774648292757e+04                  0                  0 -3.393284274056e-21 
                40 -2.835545165960e-21 -8.752341114896e-01 -4.836995452602e-01 +0.000000000000e+00 -0.000000000000e+00 +2.452789064839e-22 -4.376760935027e+04                  0                  0 -3.080824072444e-21 
                44 -2.556921938165e-21 -8.660254037938e-01 -4.999999999837e-01 +0.000000000000e+00 -0.000000000000e+00 +2.143593539750e-22 -3.978873577297e+04                  0                  0 -2.771281292140e-21 
                48 -2.281380193856e-21 -8.559605696588e-01 -5.170411039650e-01 +0.000000000000e+00 -0.000000000000e+00 +1.837862467619e-22 -3.580986219568e+04                  0                  0 -2.465166440617e-21 
                52 -2.009208122457e-21 -8.449489742901e-01 -5.348469228163e-01 +0.000000000000e+00 -0.000000000000e+00 +1.538612517253e-22 -3.183098861838e+04                  0                  0 -2.163069374183e-21 
                56 -1.740724634933e-21 -8.328889721904e-01 -5.534401141981e-01 +0.000000000000e+00 -0.000000000000e+00 +1.249466627732e-22 -2.785211504108e+04                  0                  0 -1.865671297707e-21 
                60 -1.476283168144e-21 -8.196660810610e-01 -5.728416147227e-01 +0.000000000000e+00 -0.000000000000e+00 +9.747570749309e-23 -2.387324146378e+04                  0                  0 -1.573758875637e-21 
                64 -1.216276148874e-21 -8.051506583999e-01 -5.930703308025e-01 +0.000000000000e+00 -0.000000000000e+00 +7.196490456614e-23 -1.989436788649e+04                  0                  0 -1.288241053440e-21 
                68 -9.611403058048e-22 -7.891948863142e-01 -6.141428428432e-01 +0.000000000000e+00 -0.000000000000e+00 +4.902914867736e-23 -1.591549430919e+04                  0                  0 -1.010169454482e-21 
                72 -7.113630937211e-22 -7.716287772683e-01 -6.360731326596e-01 +0.000000000000e+00 -0.000000000000e+00 +2.940053245645e-23 -1.193662073189e+04                  0                  0 -7.407636261776e-22 
                76 -4.674906077626e-22 -7.522547669491e-01 -6.588723439349e-01 +0.000000000000e+00 -0.000000000000e+00 +1.395244308481e-23 -7.957747154595e+03                  0                  0 -4.814430508474e-22 
                79 -2.301375394025e-22 -7.308403494219e-01 -6.825484478459e-01 +0.000000000000e+00 -0.000000000000e+00 +3.731372412518e-24 -3.978873577297e+03                  0                  0 -2.338689118150e-22 
                82 +0.000000000000e+00 -7.071067873076e-01 -7.071067750655e-01 +0.000000000000e+00 -0.000000000000e+00 +0.000000000000e+00 +0.000000000000e+00                  0                  0 -0.000000000000e+00 
                85 +2.221275142926e-22 -6.807147634017e-01 -7.325485723738e-01 +0.000000000000e+00 -0.000000000000e+00 +4.298790004088e-24 +3.978873577297e+03                  0                  0 +2.178287242886e-22 
                89 +4.353289791476e-22 -6.512394072990e-01 -7.588723439294e-01 +0.000000000000e+00 -0.000000000000e+00 +1.853575847629e-23 +7.957747154595e+03                  0                  0 +4.167932206713e-22 
                93 +6.385341144981e-22 -6.181335052041e-01 -7.860731325673e-01 +0.000000000000e+00 -0.000000000000e+00 +4.512594950221e-23 +1.193662073189e+04                  0                  0 +5.934081649959e-22 
                97 +8.304700564746e-22 -5.806646472538e-01 -8.141428421534e-01 +0.000000000000e+00 -0.000000000000e+00 +8.721930798975e-23 +1.591549430919e+04                  0                  0 +7.432507484848e-22 
               101 +1.009586032275e-21 -5.378033321509e-01 -8.430703267981e-01 +0.000000000000e+00 -0.000000000000e+00 +1.491007008334e-22 +1.989436788649e+04                  0                  0 +8.604853314415e-22 
               105 +1.173927389529e-21 -4.880036407778e-01 -8.728415930669e-01 +0.000000000000e+00 -0.000000000000e+00 +2.369603992353e-22 +2.387324146378e+04                  0                  0 +9.369669902934e-22 
               109 +1.320903397460e-21 -4.287145719277e-01 -9.034399901581e-01 +0.000000000000e+00 -0.000000000000e+00 +3.605827563425e-22 +2.785211504108e+04                  0                  0 +9.603206411180e-22 
               114 +1.446791877543e-21 -3.550510267612e-01 -9.348469224401e-01 +0.000000000000e+00 -0.000000000000e+00 +5.378612490338e-22 +3.183098861838e+04                  0                  0 +9.089306285087e-22 
               119 +1.545375914230e-21 -2.546204369885e-01 -9.670410710346e-01 +0.000000000000e+00 -0.000000000000e+00 +8.120690557036e-22 +3.580986219568e+04                  0                  0 +7.333068585267e-22 
               128 +1.600000153831e-21 -4.581138711251e-03 -9.999895065290e-01 +0.000000000000e+00 -0.000000000000e+00 +1.585340509955e-21 +3.978873577297e+04                  0                  0 +1.465964387600e-23 
               135 -2.835545165960e-21 +8.752341327962e-01 +4.836995067068e-01 +0.000000000000e+00 -0.000000000000e+00 +2.452789814831e-22 +4.376760935027e+04                  0                  0 -3.080824147443e-21 
               139 -3.116989128255e-21 +8.836677796884e-01 +4.681145748004e-01 +0.000000000000e+00 -0.000000000000e+00 +2.762951457482e-22 +4.774648292757e+04                  0                  0 -3.393284274003e-21 
               143 -3.401017658343e-21 +8.913991409679e-01 +4.532191208254e-01 +0.000000000000e+00 -0.000000000000e+00 +3.072027680832e-22 +5.172535650487e+04                  0                  0 -3.708220426426e-21 
               147 -3.687416661549e-21 +8.984935638742e-01 +4.389866919128e-01 +0.000000000000e+00 -0.000000000000e+00 +3.378345046076e-22 +5.570423008216e+04                  0                  0 -4.025251166157e-21 
               151 -3.975991895984e-21 +9.050098879307e-01 +4.253905296873e-01 +0.000000000000e+00 -0.000000000000e+00 +3.680555660830e-22 +5.968310365946e+04                  0                  0 -4.344047462068e-21 
               155 -4.266567000320e-21 +9.110011374117e-01 +4.124038404702e-01 +0.000000000000e+00 -0.000000000000e+00 +3.977588232277e-22 +6.366197723676e+04                  0                  0 -4.664325823548e-21 
               158 -4.558981734020e-21 +9.165150278315e-01 +4.000002546988e-01 +0.000000000000e+00 -0.000000000000e+00 +4.268600173829e-22 +6.764085081406e+04                  0                  0 -4.985841751403e-21 
               161 -4.853090402368e-21 +9.215949714564e-01 +3.881529448377e-01 +0.000000000000e+00 -0.000000000000e+00 +4.552966332209e-22 +7.161972439135e+04                  0                  0 -5.308387035589e-21 
               164 -5.148760443696e-21 +9.262798145240e-01 +3.768364435738e-01 +0.000000000000e+00 -0.000000000000e+00 +4.830208286098e-22 +7.559859796865e+04                  0                  0 -5.631781272306e-21 
               167 -5.445871160066e-21 +9.306047953913e-01 +3.660255657665e-01 +0.000000000000e+00 -0.000000000000e+00 +5.099995304380e-22 +7.957747154595e+04                  0                  0 -5.955870690504e-21 
