0.0 3.9943707066143313e-8 5.028228611630346e-8
1.0e-10 4.034932480326425e-8 5.0333199115314826e-8
2.0e-10 4.0755400042450994e-8 5.038549455977159e-8
3.0e-10 4.1161085795092785e-8 5.043714427186683e-8
4.0e-10 4.156705254837846e-8 5.0488758490385766e-8
5.0e-10 4.19729865367363e-8 5.054029096871253e-8
6.0e-10 4.2379067318867925e-8 5.059171429312724e-8
7.000000000000001e-10 4.2785342516691466e-8 5.0643228755724065e-8
8.0e-10 4.319167462990008e-8 5.069487156255163e-8
9.0e-10 4.3598076766993206e-8 5.074671388880268e-8
1.0e-9 4.4004385491083314e-8 5.079876718435794e-8
