0.0 3.9943707066143313e-8 5.028228611630346e-8
1.0e-10 4.024789380495177e-8 5.0320475131397494e-8
2.0e-10 4.055247084017321e-8 5.035969055426544e-8
3.0e-10 4.0856733813329735e-8 5.039843227624202e-8
4.0e-10 4.116121552084999e-8 5.0437133998713125e-8
5.0e-10 4.146567228794003e-8 5.0475779803880014e-8
6.0e-10 4.1770232733136587e-8 5.051434181107863e-8
7.000000000000001e-10 4.207493975873746e-8 5.055297400717773e-8
8.0e-10 4.237968404172645e-8 5.0591707720754175e-8
9.0e-10 4.268448139022643e-8 5.063059345022229e-8
1.0e-9 4.298920823738877e-8 5.0669641378631e-8
