0.0 3.9943707066143313e-8 5.028228611630346e-8
1.0e-10 4.055218666109881e-8 5.035864777161042e-8
2.0e-10 4.116125751370894e-8 5.043710543433382e-8
3.0e-10 4.176978652792298e-8 5.051457422686612e-8
4.0e-10 4.237871927809953e-8 5.05920165488609e-8
5.0e-10 4.298760181414654e-8 5.066932448801351e-8
6.0e-10 4.359671659851711e-8 5.0746470662521683e-8
7.000000000000001e-10 4.420612163264768e-8 5.082374762898464e-8
8.0e-10 4.481562427764018e-8 5.090120466937104e-8
9.0e-10 4.5425233295998366e-8 5.097895533060728e-8
1.0e-9 4.6034705597753464e-8 5.1057015040109703e-8
