0.0 3.9943707066143313e-8 5.028228611630346e-8
1.0e-10 4.0450755755340725e-8 5.034592332929093e-8
2.0e-10 4.095832893189036e-8 5.041129952303131e-8
3.0e-10 4.146543669537655e-8 5.0475858259179055e-8
4.0e-10 4.197288712720771e-8 5.0540386009531985e-8
5.0e-10 4.2480296369552986e-8 5.060480586132345e-8
6.0e-10 4.298789526679481e-8 5.0669090569427564e-8
7.000000000000001e-10 4.349573647331633e-8 5.073348661650548e-8
8.0e-10 4.400365471360872e-8 5.079803719504903e-8
9.0e-10 4.451166075356518e-8 5.0862834498205076e-8
1.0e-9 4.501955130518657e-8 5.0927891724537523e-8
