0.0 3.9943707066143313e-8 5.028228611630346e-8
1.0e-10 4.014646276047334e-8 5.030775137925029e-8
2.0e-10 4.034954131989776e-8 5.033388751622491e-8
3.0e-10 4.05523807370102e-8 5.0359722283637115e-8
4.0e-10 4.075537602498943e-8 5.038551254184444e-8
5.0e-10 4.0958353597270266e-8 5.041127236061568e-8
6.0e-10 4.11613914915643e-8 5.0436973100906147e-8
7.000000000000001e-10 4.1364528201188737e-8 5.046272233165962e-8
8.0e-10 4.1567682970655953e-8 5.048854561885897e-8
9.0e-10 4.177087468716377e-8 5.051447313065349e-8
1.0e-9 4.197401963706197e-8 5.054051426676387e-8
