0.0 3.9943707066143313e-8 5.028228611630346e-8
1.0e-10 4.0045031669898194e-8 5.029502786059395e-8
2.0e-10 4.0146611476509694e-8 5.030808545536761e-8
3.0e-10 4.024802655383017e-8 5.032101430539674e-8
4.0e-10 4.034953404254205e-8 5.0333894127158034e-8
5.0e-10 4.04510304413376e-8 5.0346768632812385e-8
6.0e-10 4.0552543581057524e-8 5.0359608140418915e-8
7.000000000000001e-10 4.0654107854131426e-8 5.037247369022321e-8
8.0e-10 4.0755671448374285e-8 5.038538520640168e-8
9.0e-10 4.085725673777615e-8 5.0398352878648504e-8
1.0e-9 4.09588198023992e-8 5.041138580852879e-8
